0.089885 0.711196 0.145899 0.380912
0.089865 0.712283 0.145724 0.380211
0.089826 0.714438 0.145376 0.378804
0.089767 0.717621 0.144854 0.376702
0.089690 0.721777 0.144160 0.373965
0.089599 0.726831 0.143294 0.370770
0.089496 0.732694 0.142258 0.367441
0.089386 0.739262 0.141056 0.364433
0.089274 0.746422 0.139692 0.362281
0.089165 0.754048 0.138175 0.361556
0.089063 0.762010 0.136519 0.362816
0.088971 0.770171 0.134743 0.366551
0.088892 0.778391 0.132873 0.373141
0.088825 0.786531 0.130939 0.382851
0.088774 0.794452 0.128979 0.395826
0.088737 0.802016 0.127033 0.412061
0.088714 0.809093 0.125145 0.431345
0.088705 0.815553 0.123359 0.453191
0.088708 0.821279 0.121720 0.476794
0.088721 0.826155 0.120271 0.501083
0.088745 0.830076 0.119055 0.524875
0.088778 0.832947 0.118113 0.547040
0.088821 0.834678 0.117486 0.566625
0.088876 0.835191 0.117217 0.582903
0.088946 0.834417 0.117350 0.595372
0.089034 0.832297 0.117934 0.603728
0.089146 0.828781 0.119025 0.607836
0.089288 0.823830 0.120681 0.607696
0.089466 0.817416 0.122974 0.603419
0.089692 0.809521 0.125979 0.595214
0.089974 0.800137 0.129786 0.583384
0.090326 0.789270 0.134491 0.568314
0.090765 0.776934 0.140203 0.550457
0.091308 0.763156 0.147041 0.530313
0.091977 0.747972 0.155133 0.508405
0.092799 0.731433 0.164614 0.485255
0.093802 0.713597 0.175628 0.461365
0.095022 0.694534 0.188322 0.437191
0.096497 0.674324 0.202840 0.413138
0.098273 0.653057 0.219325 0.389547
0.100399 0.630829 0.237907 0.366697
0.102931 0.607747 0.258700 0.344808
0.105930 0.583922 0.281792 0.324041
0.109464 0.559473 0.307237 0.304515
0.113605 0.534521 0.335041 0.286304
0.118430 0.509195 0.365156 0.269456
0.124019 0.483621 0.397464 0.253988
0.130457 0.457931 0.431768 0.239903
0.137827 0.432253 0.467777 0.227186
0.146213 0.406717 0.505098 0.215813
0.155696 0.381448 0.543229 0.205753
0.166351 0.356569 0.581552 0.196969
0.178244 0.332196 0.619344 0.189421
0.191430 0.308440 0.655777 0.183066
0.205946 0.285403 0.689947 0.177860
0.221807 0.263176 0.720902 0.173758
0.239003 0.241841 0.747681 0.170713
0.257492 0.221467 0.769371 0.168680
0.277198 0.202109 0.785162 0.167609
0.298000 0.183810 0.794407 0.167451
0.319735 0.166598 0.796671 0.168153
0.342185 0.150489 0.791778 0.169660
0.365075 0.135483 0.779825 0.171913
0.388071 0.121571 0.761186 0.174846
0.410778 0.108732 0.736482 0.178390
0.432745 0.096936 0.706539 0.182467
0.453468 0.086145 0.672328 0.186994
0.472397 0.076315 0.634902 0.191878
0.488954 0.067397 0.595328 0.197018
0.502547 0.059338 0.554634 0.202306
0.512594 0.052084 0.513760 0.207622
0.518565 0.045579 0.473529 0.212840
0.520014 0.039767 0.434625 0.217825
0.516631 0.034594 0.397589 0.222433
0.508289 0.030005 0.362819 0.226516
0.495085 0.025950 0.330582 0.229915
0.477362 0.022377 0.301027 0.232472
0.455681 0.019241 0.274203 0.234025
0.430773 0.016498 0.250078 0.234418
0.403496 0.014106 0.228557 0.233511
0.374804 0.012026 0.209495 0.231198
0.345689 0.010224 0.192718 0.227439
0.317074 0.008668 0.178029 0.222289
0.289718 0.007328 0.165225 0.215905
0.264162 0.006177 0.154104 0.208541
0.240731 0.005192 0.144473 0.200501
0.219561 0.004351 0.136153 0.192101
0.200660 0.003636 0.128979 0.183621
0.183957 0.003030 0.122809 0.175298
0.169334 0.002518 0.117515 0.167324
0.156653 0.002089 0.112991 0.159852
0.145768 0.001730 0.109142 0.152997
0.136528 0.001433 0.105892 0.146847
0.128791 0.001189 0.103176 0.141463
0.122426 0.000992 0.100939 0.136884
0.117313 0.000836 0.099138 0.133131
0.113350 0.000716 0.097738 0.130204
0.110452 0.000630 0.096710 0.128089
0.108556 0.000573 0.096036 0.126747
0.107619 0.000546 0.095702 0.126117
