0.100000 0.116822 0.131211 0.143984 0.155528 0.166077 0.175797 0.184808 0.193206 0.201068 0.208458 0.215428 0.222026 0.228290 0.234257 0.239957 0.245418 0.250663 0.255716 0.260595 0.265318 0.269902 0.274360 0.278707 0.282954 0.287112 0.291191 0.295200 0.299148 0.303042 0.306888 0.310695 0.314466 0.318208 0.321926 0.325624 0.329307 0.332978 0.336640 0.340298 0.343954 0.347610 0.351270 0.354935 0.358609 0.362292 0.365987 0.369695 0.373417 0.377156
0.100000 0.116946 0.131377 0.144114 0.155579 0.166029 0.175641 0.184543 0.192835 0.200596 0.207892 0.214777 0.221298 0.227493 0.233400 0.239046 0.244461 0.249668 0.254687 0.259539 0.264241 0.268808 0.273255 0.277594 0.281837 0.285994 0.290075 0.294089 0.298044 0.301947 0.305805 0.309624 0.313410 0.317168 0.320903 0.324619 0.328320 0.332010 0.335692 0.339370 0.343046 0.346723 0.350404 0.354091 0.357785 0.361489 0.365205 0.368933 0.372676 0.376435
0.100000 0.117026 0.131485 0.144138 0.155449 0.165711 0.175120 0.183818 0.191913 0.199488 0.206612 0.213340 0.219719 0.225789 0.231584 0.237135 0.242467 0.247604 0.252566 0.257371 0.262036 0.266576 0.271004 0.275331 0.279569 0.283728 0.287817 0.291844 0.295816 0.299740 0.303623 0.307470 0.311286 0.315077 0.318847 0.322599 0.326338 0.330068 0.333790 0.337509 0.341227 0.344946 0.348669 0.352398 0.356135 0.359881 0.363638 0.367407 0.371191 0.374990
0.100000 0.116838 0.131181 0.143656 0.154736 0.164735 0.173870 0.182297 0.190132 0.197463 0.204362 0.210886 0.217083 0.222992 0.228646 0.234076 0.239305 0.244357 0.249250 0.254001 0.258626 0.263137 0.267548 0.271870 0.276111 0.280282 0.284389 0.288442 0.292446 0.296407 0.300331 0.304224 0.308090 0.311934 0.315759 0.319569 0.323367 0.327157 0.330942 0.334724 0.338505 0.342288 0.346075 0.349868 0.353668 0.357477 0.361296 0.365127 0.368971 0.372829
0.100000 0.116191 0.130127 0.142264 0.153013 0.162683 0.171496 0.179613 0.187156 0.194218 0.200872 0.207177 0.213179 0.218918 0.224428 0.229735 0.234863 0.239834 0.244664 0.249370 0.253965 0.258461 0.262870 0.267201 0.271462 0.275662 0.279808 0.283907 0.287963 0.291983 0.295971 0.299932 0.303870 0.307789 0.311692 0.315583 0.319464 0.323338 0.327208 0.331075 0.334943 0.338812 0.342685 0.346563 0.350448 0.354341 0.358243 0.362155 0.366079 0.370016
0.100000 0.115019 0.128171 0.139743 0.150033 0.159302 0.167753 0.175543 0.182789 0.189585 0.196003 0.202101 0.207925 0.213513 0.218897 0.224103 0.229153 0.234066 0.238858 0.243544 0.248134 0.252641 0.257073 0.261440 0.265748 0.270004 0.274215 0.278385 0.282521 0.286625 0.290704 0.294759 0.298795 0.302815 0.306822 0.310818 0.314807 0.318789 0.322768 0.326744 0.330721 0.334699 0.338680 0.342665 0.346656 0.350653 0.354658 0.358671 0.362694 0.366727
0.100000 0.113408 0.125419 0.136173 0.145850 0.154633 0.162683 0.170134 0.177092 0.183643 0.189853 0.195778 0.201460 0.206936 0.212233 0.217377 0.222388 0.227282 0.232074 0.236776 0.241399 0.245952 0.250443 0.254880 0.259268 0.263613 0.267920 0.272194 0.276439 0.280659 0.284856 0.289034 0.293197 0.297345 0.301482 0.305610 0.309730 0.313846 0.317957 0.322066 0.326175 0.330284 0.334394 0.338507 0.342624 0.346745 0.350871 0.355004 0.359142 0.363288
0.100000 0.111539 0.122152 0.131881 0.140798 0.149007 0.156613 0.163716 0.170398 0.176731 0.182771 0.188566 0.194154 0.199566 0.204827 0.209959 0.214979 0.219902 0.224741 0.229505 0.234203 0.238844 0.243435 0.247980 0.252485 0.256955 0.261394 0.265806 0.270192 0.274558 0.278904 0.283235 0.287551 0.291855 0.296148 0.300433 0.304711 0.308983 0.313250 0.317514 0.321776 0.326036 0.330296 0.334556 0.338818 0.343080 0.347345 0.351612 0.355883 0.360156
0.100000 0.109610 0.118724 0.127312 0.135374 0.142944 0.150075 0.156823 0.163245 0.169390 0.175300 0.181013 0.186557 0.191958 0.197236 0.202409 0.207491 0.212494 0.217428 0.222301 0.227121 0.231894 0.236625 0.241319 0.245979 0.250611 0.255216 0.259797 0.264358 0.268900 0.273425 0.277935 0.282432 0.286917 0.291392 0.295857 0.300315 0.304765 0.309210 0.313649 0.318083 0.322513 0.326940 0.331364 0.335786 0.340206 0.344623 0.349040 0.353455 0.357868
0.100000 0.107816 0.115487 0.122939 0.130130 0.137048 0.143700 0.150106 0.156292 0.162283 0.168107 0.173784 0.179335 0.184777 0.190125 0.195391 0.200585 0.205717 0.210793 0.215821 0.220806 0.225752 0.230663 0.235543 0.240395 0.245222 0.250026 0.254808 0.259572 0.264318 0.269048 0.273763 0.278465 0.283154 0.287832 0.292499 0.297156 0.301804 0.306443 0.311074 0.315697 0.320313 0.324922 0.329524 0.334119 0.338708 0.343290 0.347866 0.352436 0.356999
0.100000 0.106323 0.112745 0.119183 0.125582 0.131903 0.138121 0.144228 0.150221 0.156106 0.161890 0.167581 0.173189 0.178722 0.184189 0.189596 0.194950 0.200256 0.205518 0.210742 0.215930 0.221087 0.226214 0.231313 0.236388 0.241440 0.246471 0.251481 0.256473 0.261447 0.266405 0.271347 0.276273 0.281186 0.286085 0.290971 0.295844 0.300704 0.305552 0.310389 0.315214 0.320027 0.324828 0.329618 0.334397 0.339163 0.343918 0.348661 0.353392 0.358110
0.100000 0.105227 0.110694 0.116344 0.122120 0.127974 0.133862 0.139755 0.145629 0.151473 0.157278 0.163041 0.168759 0.174435 0.180069 0.185663 0.191219 0.196740 0.202227 0.207683 0.213110 0.218509 0.223882 0.229231 0.234555 0.239858 0.245139 0.250400 0.255641 0.260863 0.266067 0.271252 0.276420 0.281571 0.286706 0.291823 0.296924 0.302008 0.307076 0.312128 0.317162 0.322180 0.327182 0.332166 0.337133 0.342082 0.347013 0.351926 0.356820 0.361695
0.100000 0.104551 0.109422 0.114585 0.119987 0.125574 0.131294 0.137104 0.142968 0.148863 0.154768 0.160670 0.166561 0.172434 0.178285 0.184111 0.189912 0.195687 0.201435 0.207157 0.212853 0.218524 0.224170 0.229791 0.235389 0.240963 0.246515 0.252044 0.257551 0.263037 0.268501 0.273944 0.279365 0.284766 0.290145 0.295503 0.300840 0.306155 0.311449 0.316720 0.321970 0.327196 0.332400 0.337580 0.342736 0.347868 0.352974 0.358056 0.363111 0.368139
0.100000 0.104294 0.108971 0.114003 0.119336 0.124909 0.130668 0.136565 0.142559 0.148620 0.154721 0.160846 0.166979 0.173110 0.179232 0.185339 0.191427 0.197494 0.203537 0.209556 0.215549 0.221517 0.227459 0.233375 0.239265 0.245130 0.250968 0.256780 0.262567 0.268328 0.274063 0.279773 0.285456 0.291113 0.296743 0.302347 0.307924 0.313473 0.318994 0.324486 0.329950 0.335384 0.340788 0.346161 0.351502 0.356811 0.362088 0.367331 0.372540 0.377713
0.100000 0.104480 0.109397 0.114687 0.120283 0.126124 0.132156 0.138333 0.144616 0.150975 0.157383 0.163822 0.170275 0.176730 0.183180 0.189616 0.196035 0.202431 0.208803 0.215149 0.221466 0.227755 0.234014 0.240244 0.246443 0.252612 0.258750 0.264858 0.270934 0.276979 0.282992 0.288974 0.294924 0.300841 0.306724 0.312575 0.318391 0.324172 0.329918 0.335628 0.341301 0.346936 0.352533 0.358091 0.363608 0.369085 0.374520 0.379913 0.385262 0.390567
0.100000 0.105169 0.110779 0.116718 0.122911 0.129301 0.135842 0.142496 0.149232 0.156026 0.162856 0.169704 0.176558 0.183408 0.190244 0.197060 0.203852 0.210616 0.217350 0.224051 0.230718 0.237350 0.243946 0.250506 0.257030 0.263516 0.269965 0.276376 0.282749 0.289084 0.295380 0.301637 0.307854 0.314030 0.320166 0.326259 0.332310 0.338318 0.344282 0.350201 0.356074 0.361899 0.367677 0.373406 0.379086 0.384714 0.390291 0.395815 0.401285 0.406701
0.100000 0.106410 0.113152 0.120103 0.127196 0.134391 0.141657 0.148972 0.156317 0.163677 0.171038 0.178391 0.185727 0.193038 0.200320 0.207567 0.214777 0.221947 0.229075 0.236161 0.243202 0.250200 0.257152 0.264058 0.270919 0.277735 0.284504 0.291226 0.297901 0.304529 0.311110 0.317641 0.324124 0.330557 0.336939 0.343269 0.349547 0.355772 0.361942 0.368057 0.374115 0.380115 0.386057 0.391939 0.397759 0.403518 0.409214 0.414845 0.420412 0.425912
0.100000 0.108167 0.116414 0.124671 0.132910 0.141117 0.149288 0.157418 0.165506 0.173548 0.181543 0.189487 0.197381 0.205220 0.213005 0.220733 0.228405 0.236020 0.243577 0.251077 0.258519 0.265904 0.273231 0.280501 0.287714 0.294870 0.301968 0.309008 0.315990 0.322914 0.329779 0.336584 0.343328 0.350011 0.356632 0.363190 0.369683 0.376111 0.382472 0.388766 0.394990 0.401145 0.407228 0.413239 0.419176 0.425038 0.430824 0.436534 0.442165 0.447718
0.100000 0.110262 0.120254 0.130009 0.139555 0.148920 0.158124 0.167186 0.176121 0.184941 0.193653 0.202266 0.210785 0.219214 0.227557 0.235815 0.243993 0.252091 0.260112 0.268057 0.275927 0.283723 0.291447 0.299098 0.306678 0.314186 0.321623 0.328988 0.336282 0.343503 0.350652 0.357727 0.364728 0.371654 0.378504 0.385277 0.391971 0.398586 0.405120 0.411572 0.417940 0.424224 0.430423 0.436534 0.442558 0.448492 0.454337 0.460090 0.465751 0.471319
0.100000 0.112411 0.124209 0.135526 0.146448 0.157039 0.167348 0.177413 0.187264 0.196927 0.206422 0.215762 0.224963 0.234033 0.242981 0.251814 0.260538 0.269156 0.277674 0.286094 0.294419 0.302651 0.310791 0.318842 0.326803 0.334676 0.342461 0.350158 0.357767 0.365287 0.372718 0.380059 0.387310 0.394470 0.401537 0.408510 0.415388 0.422170 0.428855 0.435442 0.441929 0.448315 0.454599 0.460780 0.466856 0.472828 0.478694 0.484453 0.490104 0.495648
0.100000 0.114340 0.127825 0.140640 0.152907 0.164717 0.176138 0.187225 0.198021 0.208560 0.218870 0.228976 0.238894 0.248642 0.258231 0.267672 0.276973 0.286142 0.295184 0.304104 0.312906 0.321593 0.330167 0.338631 0.346986 0.355233 0.363372 0.371404 0.379328 0.387145 0.394854 0.402454 0.409944 0.417324 0.424593 0.431748 0.438790 0.445717 0.452528 0.459222 0.465798 0.472255 0.478591 0.484807 0.490900 0.496872 0.502720 0.508445 0.514045 0.519522
0.100000 0.115878 0.130798 0.144939 0.158434 0.171383 0.183865 0.195941 0.207663 0.219072 0.230201 0.241079 0.251728 0.262167 0.272413 0.282478 0.292373 0.302107 0.311688 0.321122 0.330412 0.339565 0.348581 0.357465 0.366217 0.374839 0.383331 0.391694 0.399928 0.408032 0.416007 0.423852 0.431565 0.439147 0.446595 0.453910 0.461089 0.468133 0.475041 0.481810 0.488441 0.494933 0.501286 0.507498 0.513569 0.519500 0.525290 0.530938 0.536446 0.541813
0.100000 0.116981 0.133016 0.148246 0.162789 0.176742 0.190180 0.203168 0.215757 0.227991 0.239905 0.251531 0.262893 0.274012 0.284906 0.295589 0.306074 0.316371 0.326487 0.336431 0.346207 0.355820 0.365272 0.374567 0.383707 0.392692 0.401524 0.410203 0.418729 0.427102 0.435321 0.443387 0.451297 0.459052 0.466651 0.474093 0.481377 0.488503 0.495470 0.502278 0.508925 0.515413 0.521740 0.527908 0.533915 0.539762 0.545450 0.550980 0.556352 0.561566
0.100000 0.117696 0.134525 0.150585 0.165967 0.180752 0.195008 0.208792 0.222154 0.235135 0.247771 0.260090 0.272118 0.283878 0.295385 0.306657 0.317704 0.328538 0.339166 0.349596 0.359834 0.369883 0.379748 0.389429 0.398930 0.408252 0.417395 0.426359 0.435145 0.443753 0.452181 0.460431 0.468501 0.476390 0.484099 0.491627 0.498973 0.506138 0.513120 0.519921 0.526540 0.532978 0.539235 0.545312 0.551210 0.556930 0.562472 0.567839 0.573032 0.578053
0.100000 0.118110 0.135458 0.152105 0.168116 0.183552 0.198468 0.212913 0.226930 0.240555 0.253820 0.266753 0.279377 0.291712 0.303775 0.315580 0.327138 0.338461 0.349555 0.360426 0.371081 0.381523 0.391754 0.401778 0.411595 0.421207 0.430614 0.439817 0.448814 0.457608 0.466196 0.474579 0.482757 0.490730 0.498496 0.506058 0.513413 0.520564 0.527510 0.534253 0.540792 0.547130 0.553267 0.559206 0.564947 0.570493 0.575846 0.581007 0.585981 0.590768
0.100000 0.118320 0.135975 0.153006 0.169456 0.185370 0.200789 0.215752 0.230294 0.244445 0.258233 0.271680 0.284808 0.297634 0.310172 0.322435 0.334433 0.346174 0.357665 0.368912 0.379919 0.390688 0.401223 0.411524 0.421593 0.431431 0.441037 0.450413 0.459558 0.468472 0.477155 0.485607 0.493828 0.501819 0.509581 0.517113 0.524416 0.531493 0.538343 0.544970 0.551374 0.557557 0.563522 0.569272 0.574808 0.580135 0.585254 0.590170 0.594885 0.599403
0.100000 0.118408 0.136227 0.153488 0.170222 0.186461 0.202237 0.217579 0.232515 0.247069 0.261263 0.275115 0.288642 0.301859 0.314776 0.327404 0.339751 0.351822 0.363625 0.375161 0.386435 0.397448 0.408202 0.418698 0.428936 0.438918 0.448642 0.458110 0.467321 0.476276 0.484975 0.493418 0.501607 0.509542 0.517225 0.524657 0.531840 0.538775 0.545466 0.551915 0.558124 0.564097 0.569837 0.575348 0.580633 0.585696 0.590542 0.595174 0.599598 0.603817
0.100000 0.118437 0.136331 0.153713 0.170610 0.187049 0.203055 0.218651 0.233857 0.248693 0.263175 0.277316 0.291130 0.304628 0.317816 0.330703 0.343294 0.355594 0.367604 0.379329 0.390769 0.401926 0.412799 0.423391 0.433701 0.443728 0.453475 0.462940 0.472124 0.481028 0.489653 0.498001 0.506072 0.513869 0.521394 0.528649 0.535638 0.542363 0.548828 0.555036 0.560992 0.566700 0.572164 0.577389 0.582380 0.587142 0.591680 0.595998 0.600104 0.604001
0.100000 0.118441 0.136359 0.153790 0.170764 0.187305 0.203436 0.219175 0.234539 0.249542 0.264197 0.278513 0.292499 0.306161 0.319506 0.332538 0.345258 0.357670 0.369775 0.381573 0.393066 0.404252 0.415134 0.425709 0.435980 0.445945 0.455606 0.464964 0.474019 0.482773 0.491228 0.499387 0.507251 0.514824 0.522109 0.529110 0.535832 0.542277 0.548452 0.554361 0.560009 0.565402 0.570546 0.575445 0.580107 0.584536 0.588740 0.592723 0.596494 0.600057
0.100000 0.118436 0.136349 0.153783 0.170771 0.187340 0.203510 0.219299 0.234721 0.249786 0.264505 0.278883 0.292925 0.306637 0.320019 0.333074 0.345802 0.358204 0.370279 0.382028 0.393449 0.404544 0.415311 0.425751 0.435865 0.445652 0.455115 0.464256 0.473075 0.481577 0.489764 0.497640 0.505208 0.512473 0.519440 0.526113 0.532499 0.538603 0.544431 0.549988 0.555282 0.560320 0.565106 0.569650 0.573957 0.578034 0.581888 0.585526 0.588955 0.592182
0.100000 0.118426 0.136318 0.153723 0.170680 0.187218 0.203358 0.219117 0.234508 0.249541 0.264220 0.278552 0.292539 0.306181 0.319479 0.332434 0.345044 0.357308 0.369226 0.380796 0.392019 0.402894 0.413421 0.423602 0.433438 0.442931 0.452083 0.460897 0.469377 0.477527 0.485352 0.492856 0.500045 0.506926 0.513503 0.519785 0.525777 0.531486 0.536920 0.542086 0.546991 0.551644 0.556051 0.560221 0.564160 0.567877 0.571379 0.574673 0.577767 0.580669
0.100000 0.118413 0.136270 0.153623 0.170514 0.186973 0.203024 0.218684 0.233964 0.248874 0.263418 0.277599 0.291418 0.304874 0.317968 0.330697 0.343061 0.355058 0.366688 0.377950 0.388845 0.399373 0.409537 0.419338 0.428779 0.437863 0.446596 0.454982 0.463026 0.470734 0.478113 0.485168 0.491908 0.498340 0.504471 0.510309 0.515862 0.521139 0.526147 0.530896 0.535393 0.539647 0.543665 0.547457 0.551030 0.554393 0.557552 0.560517 0.563294 0.565890
0.100000 0.118395 0.136205 0.153486 0.170279 0.186617 0.202526 0.218021 0.233116 0.247818 0.262131 0.276058 0.289599 0.302754 0.315522 0.327902 0.339893 0.351495 0.362710 0.373537 0.383979 0.394040 0.403721 0.413029 0.421968 0.430543 0.438761 0.446629 0.454155 0.461345 0.468209 0.474755 0.480991 0.486926 0.492570 0.497931 0.503019 0.507843 0.512411 0.516733 0.520818 0.524674 0.528310 0.531735 0.534956 0.537983 0.540822 0.543482 0.545969 0.548292
0.100000 0.118372 0.136124 0.153309 0.169973 0.186149 0.201861 0.217128 0.231963 0.246372 0.260360 0.273931 0.287085 0.299823 0.312146 0.324054 0.335550 0.346635 0.357313 0.367587 0.377462 0.386945 0.396040 0.404756 0.413100 0.421080 0.428706 0.435986 0.442930 0.449548 0.455849 0.461844 0.467542 0.472955 0.478091 0.482962 0.487576 0.491943 0.496074 0.499977 0.503661 0.507136 0.510410 0.513491 0.516387 0.519107 0.521658 0.524047 0.526281 0.528368
0.100000 0.118345 0.136022 0.153088 0.169587 0.185554 0.201015 0.215986 0.230482 0.244510 0.258077 0.271188 0.283846 0.296054 0.307816 0.319138 0.330023 0.340478 0.350510 0.360127 0.369336 0.378147 0.386571 0.394617 0.402295 0.409618 0.416596 0.423241 0.429564 0.435577 0.441291 0.446717 0.451867 0.456751 0.461381 0.465766 0.469917 0.473844 0.477556 0.481063 0.484373 0.487495 0.490438 0.493209 0.495816 0.498267 0.500567 0.502725 0.504747 0.506638
0.100000 0.118312 0.135896 0.152813 0.169107 0.184814 0.199959 0.214560 0.228633 0.242188 0.255235 0.267781 0.279835 0.291404 0.302498 0.313126 0.323298 0.333025 0.342319 0.351193 0.359659 0.367730 0.375420 0.382743 0.389712 0.396340 0.402642 0.408631 0.414319 0.419720 0.424846 0.429709 0.434320 0.438692 0.442835 0.446759 0.450474 0.453990 0.457317 0.460463 0.463435 0.466244 0.468895 0.471397 0.473756 0.475978 0.478071 0.480039 0.481889 0.483626
0.100000 0.118271 0.135742 0.152474 0.168515 0.183900 0.198656 0.212805 0.226364 0.239348 0.251772 0.263650 0.274996 0.285825 0.296153 0.305995 0.315369 0.324291 0.332779 0.340850 0.348521 0.355811 0.362734 0.369310 0.375553 0.381479 0.387103 0.392441 0.397507 0.402313 0.406873 0.411199 0.415302 0.419195 0.422887 0.426387 0.429707 0.432855 0.435838 0.438666 0.441345 0.443883 0.446286 0.448562 0.450715 0.452751 0.454677 0.456496 0.458214 0.459836
0.100000 0.118221 0.135551 0.152055 0.167784 0.182776 0.197060 0.210664 0.223611 0.235923 0.247623 0.258733 0.269277 0.279278 0.288759 0.297745 0.306259 0.314325 0.321966 0.329203 0.336059 0.342555 0.348709 0.354542 0.360072 0.365314 0.370287 0.375004 0.379481 0.383731 0.387766 0.391598 0.395239 0.398699 0.401987 0.405113 0.408085 0.410911 0.413599 0.416155 0.418586 0.420899 0.423098 0.425189 0.427177 0.429067 0.430864 0.432571 0.434192 0.435731
0.100000 0.118160 0.135316 0.151540 0.166887 0.181400 0.195119 0.208077 0.220309 0.231848 0.242727 0.252981 0.262643 0.271747 0.280325 0.288410 0.296032 0.303221 0.310004 0.316409 0.322460 0.328180 0.333592 0.338715 0.343570 0.348172 0.352539 0.356686 0.360626 0.364372 0.367937 0.371331 0.374563 0.377645 0.380583 0.383386 0.386062 0.388616 0.391056 0.393387 0.395614 0.397743 0.399778 0.401723 0.403583 0.405361 0.407061 0.408685 0.410237 0.411721
0.100000 0.118084 0.135025 0.150904 0.165786 0.179726 0.192775 0.204982 0.216397 0.227068 0.237043 0.246369 0.255093 0.263258 0.270905 0.278075 0.284805 0.291127 0.297076 0.302679 0.307964 0.312955 0.317676 0.322146 0.326384 0.330407 0.334231 0.337870 0.341336 0.344642 0.347798 0.350813 0.353696 0.356455 0.359097 0.361630 0.364058 0.366388 0.368624 0.370772 0.372835 0.374817 0.376722 0.378554 0.380315 0.382008 0.383637 0.385202 0.386708 0.388155
0.100000 0.117991 0.134665 0.150121 0.164441 0.177700 0.189971 0.201324 0.211829 0.221553 0.230562 0.238916 0.246674 0.253889 0.260611 0.266885 0.272753 0.278253 0.283417 0.288276 0.292859 0.297188 0.301287 0.305174 0.308868 0.312384 0.315736 0.318937 0.321997 0.324927 0.327736 0.330432 0.333022 0.335513 0.337910 0.340220 0.342445 0.344592 0.346663 0.348663 0.350594 0.352460 0.354264 0.356007 0.357692 0.359322 0.360898 0.362421 0.363895 0.365320
0.100000 0.117874 0.134217 0.149158 0.162808 0.175275 0.186662 0.197068 0.206588 0.215312 0.223320 0.230690 0.237489 0.243778 0.249613 0.255042 0.260109 0.264852 0.269306 0.273499 0.277458 0.281206 0.284764 0.288148 0.291375 0.294459 0.297411 0.300242 0.302962 0.305579 0.308100 0.310532 0.312880 0.315150 0.317347 0.319473 0.321534 0.323531 0.325469 0.327349 0.329175 0.330948 0.332670 0.334343 0.335969 0.337549 0.339085 0.340578 0.342028 0.343438
0.100000 0.117727 0.133662 0.147981 0.160847 0.172412 0.182821 0.192209 0.200699 0.208400 0.215412 0.221821 0.227701 0.233120 0.238135 0.242795 0.247143 0.251217 0.255047 0.258662 0.262085 0.265337 0.268436 0.271397 0.274233 0.276956 0.279576 0.282101 0.284540 0.286899 0.289183 0.291398 0.293548 0.295637 0.297668 0.299645 0.301570 0.303446 0.305274 0.307056 0.308795 0.310491 0.312147 0.313762 0.315339 0.316879 0.318382 0.319848 0.321280 0.322678
0.100000 0.117543 0.132977 0.146560 0.158526 0.169093 0.178456 0.186787 0.194237 0.200934 0.206988 0.212493 0.217528 0.222159 0.226442 0.230425 0.234149 0.237646 0.240945 0.244072 0.247045 0.249884 0.252602 0.255212 0.257726 0.260153 0.262500 0.264774 0.266983 0.269129 0.271219 0.273255 0.275241 0.277181 0.279076 0.280928 0.282740 0.284513 0.286249 0.287948 0.289613 0.291244 0.292842 0.294407 0.295941 0.297444 0.298917 0.300360 0.301774 0.303158
0.100000 0.117312 0.132141 0.144869 0.155835 0.165335 0.173618 0.180894 0.187334 0.193081 0.198250 0.202937 0.207219 0.211160 0.214812 0.218217 0.221413 0.224427 0.227285 0.230007 0.232610 0.235108 0.237514 0.239838 0.242088 0.244271 0.246395 0.248463 0.250481 0.252452 0.254380 0.256268 0.258117 0.259931 0.261710 0.263456 0.265171 0.266856 0.268511 0.270138 0.271737 0.273309 0.274854 0.276373 0.277867 0.279335 0.280778 0.282196 0.283590 0.284959
0.100000 0.117025 0.131136 0.142902 0.152796 0.161197 0.168410 0.174672 0.180171 0.185053 0.189435 0.193406 0.197040 0.200394 0.203514 0.206438 0.209196 0.211813 0.214309 0.216700 0.219000 0.221220 0.223371 0.225460 0.227493 0.229476 0.231414 0.233311 0.235171 0.236995 0.238786 0.240547 0.242279 0.243984 0.245663 0.247316 0.248945 0.250551 0.252134 0.253694 0.255232 0.256749 0.258244 0.259718 0.261171 0.262603 0.264015 0.265406 0.266776 0.268126
0.100000 0.116675 0.129959 0.140681 0.149467 0.156784 0.162978 0.168307 0.172961 0.177084 0.180786 0.184150 0.187240 0.190106 0.192788 0.195316 0.197717 0.200009 0.202208 0.204329 0.206381 0.208374 0.210314 0.212208 0.214061 0.215877 0.217659 0.219411 0.221135 0.222833 0.224507 0.226158 0.227787 0.229395 0.230984 0.232553 0.234104 0.235637 0.237152 0.238649 0.240129 0.241592 0.243037 0.244466 0.245877 0.247272 0.248649 0.250010 0.251353 0.252679
0.100000 0.116259 0.128624 0.138257 0.145949 0.152240 0.157505 0.162005 0.165926 0.169403 0.172534 0.175393 0.178034 0.180500 0.182824 0.185030 0.187138 0.189164 0.191121 0.193018 0.194865 0.196668 0.198433 0.200163 0.201863 0.203537 0.205185 0.206812 0.208418 0.210005 0.211574 0.213126 0.214663 0.216184 0.217690 0.219182 0.220660 0.222123 0.223574 0.225010 0.226433 0.227842 0.229238 0.230620 0.231989 0.233343 0.234684 0.236010 0.237322 0.238620
0.100000 0.115781 0.127168 0.135716 0.142374 0.147734 0.152181 0.155969 0.159272 0.162211 0.164872 0.167316 0.169591 0.171731 0.173761 0.175702 0.177570 0.179376 0.181131 0.182843 0.184517 0.186159 0.187774 0.189364 0.190932 0.192481 0.194012 0.195528 0.197029 0.198516 0.199991 0.201454 0.202905 0.204345 0.205775 0.207193 0.208602 0.210000 0.211387 0.212764 0.214131 0.215487 0.216832 0.218167 0.219490 0.220802 0.222103 0.223391 0.224668 0.225933
0.100000 0.115256 0.125651 0.133170 0.138891 0.143438 0.147188 0.150380 0.153172 0.155669 0.157945 0.160051 0.162026 0.163897 0.165686 0.167407 0.169074 0.170696 0.172281 0.173834 0.175361 0.176864 0.178348 0.179815 0.181267 0.182706 0.184133 0.185549 0.186955 0.188352 0.189740 0.191120 0.192493 0.193857 0.195214 0.196564 0.197905 0.199240 0.200566 0.201885 0.203196 0.204499 0.205793 0.207078 0.208355 0.209622 0.210880 0.212129 0.213367 0.214595
0.100000 0.114711 0.124152 0.130737 0.135644 0.139502 0.142673 0.145376 0.147750 0.149887 0.151848 0.153677 0.155405 0.157054 0.158641 0.160178 0.161675 0.163140 0.164578 0.165994 0.167392 0.168774 0.170143 0.171501 0.172849 0.174189 0.175522 0.176847 0.178167 0.179481 0.180790 0.182093 0.183392 0.184685 0.185974 0.187257 0.188535 0.189808 0.191075 0.192337 0.193593 0.194842 0.196084 0.197320 0.198549 0.199770 0.200984 0.202189 0.203386 0.204574
0.100000 0.114179 0.122751 0.128528 0.132751 0.136043 0.138742 0.141048 0.143083 0.144926 0.146630 0.148231 0.149753 0.151216 0.152632 0.154013 0.155364 0.156694 0.158004 0.159301 0.160585 0.161861 0.163128 0.164389 0.165644 0.166895 0.168142 0.169386 0.170626 0.171864 0.173099 0.174331 0.175561 0.176787 0.178011 0.179232 0.180449 0.181663 0.182873 0.184079 0.185280 0.186476 0.187667 0.188853 0.190033 0.191206 0.192373 0.193534 0.194687 0.195832
0.100000 0.113696 0.121522 0.126631 0.130300 0.133136 0.135457 0.137444 0.139206 0.140810 0.142303 0.143714 0.145065 0.146371 0.147643 0.148889 0.150116 0.151328 0.152528 0.153720 0.154905 0.156085 0.157262 0.158436 0.159609 0.160780 0.161950 0.163119 0.164288 0.165456 0.166623 0.167790 0.168955 0.170120 0.171283 0.172444 0.173603 0.174760 0.175915 0.177066 0.178214 0.179358 0.180498 0.181633 0.182763 0.183889 0.185008 0.186121 0.187228 0.188328
0.100000 0.113292 0.120520 0.125103 0.128339 0.130820 0.132844 0.134578 0.136121 0.137532 0.138852 0.140107 0.141315 0.142489 0.143639 0.144771 0.145891 0.147002 0.148106 0.149207 0.150306 0.151404 0.152501 0.153599 0.154698 0.155798 0.156899 0.158002 0.159106 0.160211 0.161316 0.162423 0.163529 0.164636 0.165742 0.166848 0.167952 0.169055 0.170156 0.171255 0.172350 0.173443 0.174532 0.175617 0.176698 0.177773 0.178844 0.179909 0.180968 0.182020
0.100000 0.112991 0.119777 0.123972 0.126888 0.129102 0.130899 0.132438 0.133808 0.135065 0.136246 0.137374 0.138465 0.139531 0.140579 0.141616 0.142646 0.143672 0.144695 0.145719 0.146744 0.147771 0.148800 0.149832 0.150867 0.151905 0.152946 0.153990 0.155036 0.156084 0.157135 0.158186 0.159239 0.160292 0.161346 0.162399 0.163452 0.164503 0.165553 0.166600 0.167645 0.168687 0.169726 0.170760 0.171790 0.172816 0.173836 0.174851 0.175861 0.176863
0.100000 0.112803 0.119306 0.123245 0.125942 0.127967 0.129601 0.130995 0.132236 0.133375 0.134448 0.135477 0.136475 0.137454 0.138421 0.139381 0.140338 0.141294 0.142252 0.143212 0.144176 0.145144 0.146116 0.147093 0.148074 0.149059 0.150048 0.151041 0.152037 0.153035 0.154036 0.155038 0.156042 0.157047 0.158051 0.159056 0.160059 0.161061 0.162061 0.163059 0.164055 0.165046 0.166035 0.167019 0.167998 0.168973 0.169942 0.170905 0.171862 0.172813
0.100000 0.112729 0.119103 0.122910 0.125482 0.127392 0.128921 0.130218 0.131368 0.132425 0.133419 0.134375 0.135304 0.136219 0.137124 0.138026 0.138927 0.139830 0.140737 0.141648 0.142564 0.143485 0.144412 0.145344 0.146281 0.147222 0.148168 0.149117 0.150070 0.151025 0.151982 0.152941 0.153900 0.154860 0.155819 0.156777 0.157734 0.158689 0.159641 0.160591 0.161537 0.162479 0.163416 0.164349 0.165277 0.166199 0.167115 0.168025 0.168928 0.169824
0.100000 0.112764 0.119155 0.122945 0.125482 0.127348 0.128827 0.130072 0.131172 0.132178 0.133125 0.134034 0.134919 0.135791 0.136656 0.137518 0.138382 0.139248 0.140119 0.140995 0.141877 0.142764 0.143656 0.144554 0.145457 0.146364 0.147274 0.148187 0.149103 0.150021 0.150940 0.151859 0.152778 0.153696 0.154613 0.155527 0.156439 0.157348 0.158254 0.159155 0.160051 0.160943 0.161829 0.162709 0.163583 0.164451 0.165311 0.166165 0.167011 0.167849
0.100000 0.112896 0.119440 0.123328 0.125917 0.127805 0.129290 0.130530 0.131618 0.132609 0.133538 0.134428 0.135294 0.136146 0.136992 0.137835 0.138678 0.139525 0.140376 0.141231 0.142092 0.142957 0.143826 0.144700 0.145578 0.146458 0.147340 0.148225 0.149110 0.149995 0.150879 0.151763 0.152644 0.153523 0.154399 0.155271 0.156139 0.157002 0.157860 0.158712 0.159558 0.160398 0.161230 0.162055 0.162873 0.163683 0.164485 0.165279 0.166064 0.166841
0.100000 0.113113 0.119938 0.124031 0.126759 0.128741 0.130288 0.131570 0.132687 0.133698 0.134641 0.135541 0.136414 0.137270 0.138118 0.138961 0.139804 0.140647 0.141493 0.142342 0.143194 0.144048 0.144905 0.145764 0.146625 0.147486 0.148347 0.149207 0.150066 0.150922 0.151775 0.152625 0.153471 0.154312 0.155147 0.155976 0.156799 0.157615 0.158424 0.159225 0.160018 0.160802 0.161578 0.162345 0.163103 0.163852 0.164591 0.165321 0.166041 0.166751
0.100000 0.113400 0.120621 0.125028 0.127985 0.130133 0.131802 0.133178 0.134367 0.135437 0.136428 0.137367 0.138274 0.139159 0.140031 0.140895 0.141754 0.142611 0.143467 0.144322 0.145177 0.146031 0.146884 0.147736 0.148586 0.149433 0.150277 0.151117 0.151952 0.152781 0.153605 0.154421 0.155231 0.156032 0.156826 0.157610 0.158386 0.159152 0.159908 0.160654 0.161390 0.162116 0.162831 0.163534 0.164227 0.164909 0.165580 0.166240 0.166889 0.167527
0.100000 0.113742 0.121464 0.126291 0.129570 0.131963 0.133822 0.135347 0.136657 0.137826 0.138901 0.139913 0.140881 0.141820 0.142738 0.143642 0.144535 0.145421 0.146300 0.147173 0.148041 0.148903 0.149760 0.150610 0.151454 0.152291 0.153120 0.153940 0.154752 0.155554 0.156346 0.157127 0.157898 0.158657 0.159405 0.160141 0.160865 0.161576 0.162274 0.162960 0.163633 0.164294 0.164941 0.165576 0.166197 0.166806 0.167402 0.167985 0.168556 0.169114
0.100000 0.114121 0.122437 0.127790 0.131490 0.134215 0.136338 0.138075 0.139559 0.140874 0.142073 0.143190 0.144250 0.145268 0.146255 0.147218 0.148161 0.149089 0.150002 0.150903 0.151791 0.152667 0.153531 0.154383 0.155223 0.156049 0.156862 0.157662 0.158448 0.159219 0.159976 0.160718 0.161445 0.162156 0.162852 0.163533 0.164198 0.164847 0.165481 0.166099 0.166702 0.167289 0.167861 0.168418 0.168960 0.169488 0.170001 0.170499 0.170984 0.171455
0.100000 0.114522 0.123511 0.129492 0.133718 0.136871 0.139340 0.141361 0.143081 0.144593 0.145958 0.147218 0.148401 0.149524 0.150601 0.151641 0.152649 0.153630 0.154587 0.155521 0.156435 0.157327 0.158200 0.159053 0.159886 0.160700 0.161493 0.162267 0.163022 0.163756 0.164470 0.165165 0.165840 0.166495 0.167131 0.167747 0.168344 0.168922 0.169481 0.170022 0.170545 0.171049 0.171536 0.172006 0.172459 0.172896 0.173316 0.173721 0.174111 0.174486
0.100000 0.114933 0.124657 0.131363 0.136223 0.139906 0.142815 0.145201 0.147225 0.148992 0.150574 0.152017 0.153354 0.154609 0.155797 0.156930 0.158016 0.159060 0.160066 0.161038 0.161977 0.162885 0.163764 0.164613 0.165435 0.166228 0.166995 0.167735 0.168448 0.169135 0.169797 0.170434 0.171046 0.171633 0.172197 0.172737 0.173255 0.173750 0.174223 0.174674 0.175105 0.175515 0.175906 0.176278 0.176631 0.176966 0.177283 0.177584 0.177868 0.178136
0.100000 0.115342 0.125846 0.133367 0.138967 0.143290 0.146740 0.149581 0.151987 0.154075 0.155926 0.157595 0.159123 0.160537 0.161858 0.163099 0.164273 0.165385 0.166444 0.167453 0.168415 0.169334 0.170212 0.171050 0.171850 0.172613 0.173341 0.174034 0.174694 0.175321 0.175916 0.176481 0.177016 0.177521 0.177999 0.178449 0.178872 0.179270 0.179643 0.179992 0.180317 0.180620 0.180902 0.181162 0.181403 0.181624 0.181827 0.182012 0.182180 0.182331
0.100000 0.115742 0.127056 0.135466 0.141908 0.146979 0.151078 0.154471 0.157343 0.159824 0.162003 0.163947 0.165703 0.167305 0.168779 0.170143 0.171413 0.172599 0.173710 0.174752 0.175732 0.176653 0.177519 0.178333 0.179099 0.179817 0.180490 0.181121 0.181711 0.182261 0.182773 0.183249 0.183689 0.184096 0.184471 0.184814 0.185127 0.185412 0.185669 0.185900 0.186105 0.186286 0.186444 0.186580 0.186695 0.186789 0.186865 0.186922 0.186962 0.186986
0.100000 0.116128 0.128263 0.137619 0.144990 0.150914 0.155766 0.159811 0.163239 0.166189 0.168762 0.171033 0.173058 0.174878 0.176527 0.178030 0.179404 0.180666 0.181827 0.182897 0.183885 0.184797 0.185638 0.186413 0.187127 0.187783 0.188384 0.188933 0.189434 0.189888 0.190297 0.190664 0.190992 0.191281 0.191533 0.191751 0.191937 0.192091 0.192215 0.192311 0.192380 0.192423 0.192443 0.192440 0.192415 0.192370 0.192306 0.192223 0.192124 0.192008
0.100000 0.116493 0.129444 0.139779 0.148146 0.155010 0.160711 0.165503 0.169577 0.173076 0.176110 0.178764 0.181103 0.183177 0.185026 0.186682 0.188170 0.189511 0.190721 0.191813 0.192799 0.193688 0.194489 0.195209 0.195853 0.196427 0.196935 0.197383 0.197773 0.198109 0.198395 0.198633 0.198826 0.198977 0.199088 0.199162 0.199200 0.199205 0.199178 0.199123 0.199039 0.198930 0.198796 0.198639 0.198461 0.198263 0.198046 0.197812 0.197562 0.197297
0.100000 0.116831 0.130570 0.141889 0.151289 0.159154 0.165781 0.171403 0.176204 0.180329 0.183892 0.186988 0.189688 0.192054 0.194132 0.195963 0.197578 0.199004 0.200262 0.201372 0.202348 0.203204 0.203951 0.204598 0.205155 0.205628 0.206023 0.206348 0.206607 0.206804 0.206945 0.207033 0.207071 0.207064 0.207014 0.206924 0.206796 0.206635 0.206440 0.206216 0.205964 0.205687 0.205385 0.205061 0.204717 0.204354 0.203973 0.203577 0.203166 0.202742
0.100000 0.117128 0.131604 0.143874 0.154305 0.163196 0.170794 0.177305 0.182899 0.187715 0.191872 0.195467 0.198580 0.201280 0.203622 0.205654 0.207415 0.208939 0.210254 0.211383 0.212346 0.213162 0.213845 0.214408 0.214862 0.215218 0.215484 0.215668 0.215777 0.215817 0.215794 0.215712 0.215577 0.215393 0.215164 0.214893 0.214583 0.214238 0.213861 0.213454 0.213019 0.212560 0.212078 0.211575 0.211053 0.210515 0.209961 0.209393 0.208813 0.208222
0.100000 0.117366 0.132492 0.145638 0.157049 0.166944 0.175518 0.182942 0.189366 0.194921 0.199723 0.203869 0.207446 0.210526 0.213173 0.215441 0.217378 0.219022 0.220409 0.221569 0.222527 0.223305 0.223923 0.224398 0.224744 0.224974 0.225100 0.225131 0.225077 0.224946 0.224745 0.224481 0.224158 0.223783 0.223361 0.222895 0.222390 0.221850 0.221277 0.220676 0.220048 0.219397 0.218725 0.218034 0.217327 0.216605 0.215871 0.215126 0.214371 0.213609
0.100000 0.117513 0.133159 0.147055 0.159342 0.170165 0.179666 0.187981 0.195236 0.201550 0.207027 0.211765 0.215849 0.219356 0.222353 0.224901 0.227052 0.228852 0.230342 0.231559 0.232532 0.233290 0.233856 0.234251 0.234494 0.234602 0.234588 0.234466 0.234247 0.233941 0.233557 0.233104 0.232587 0.232015 0.231393 0.230725 0.230018 0.229276 0.228501 0.227699 0.226873 0.226025 0.225158 0.224276 0.223379 0.222472 0.221554 0.220629 0.219698 0.218763
0.100000 0.117519 0.133507 0.147973 0.160972 0.172585 0.182907 0.192039 0.200082 0.207134 0.213290 0.218638 0.223261 0.227234 0.230627 0.233503 0.235917 0.237921 0.239560 0.240875 0.241903 0.242674 0.243219 0.243562 0.243727 0.243732 0.243596 0.243335 0.242963 0.242492 0.241933 0.241297 0.240592 0.239826 0.239007 0.238142 0.237235 0.236292 0.235318 0.234318 0.233294 0.232251 0.231192 0.230119 0.229036 0.227945 0.226847 0.225746 0.224642 0.223537
0.100000 0.117329 0.133428 0.148227 0.161714 0.173920 0.184897 0.194715 0.203447 0.211173 0.217971 0.223919 0.229091 0.233557 0.237384 0.240634 0.243365 0.245629 0.247476 0.248948 0.250086 0.250926 0.251501 0.251840 0.251969 0.251913 0.251693 0.251327 0.250832 0.250224 0.249516 0.248720 0.247848 0.246909 0.245911 0.244863 0.243771 0.242642 0.241482 0.240295 0.239086 0.237859 0.236618 0.235366 0.234107 0.232842 0.231574 0.230306 0.229039 0.227775
0.100000 0.116899 0.132833 0.147677 0.161373 0.173916 0.185324 0.195639 0.204910 0.213195 0.220554 0.227052 0.232749 0.237709 0.241991 0.245652 0.248749 0.251331 0.253448 0.255145 0.256464 0.257443 0.258118 0.258521 0.258682 0.258627 0.258382 0.257967 0.257403 0.256707 0.255896 0.254984 0.253985 0.252909 0.251768 0.250570 0.249324 0.248038 0.246718 0.245370 0.244000 0.242613 0.241212 0.239802 0.238386 0.236967 0.235548 0.234132 0.232719 0.231313
0.100000 0.116213 0.131672 0.146231 0.159814 0.172390 0.183958 0.194532 0.204140 0.212820 0.220613 0.227566 0.233727 0.239146 0.243874 0.247960 0.251453 0.254400 0.256846 0.258836 0.260410 0.261608 0.262464 0.263014 0.263289 0.263317 0.263126 0.262740 0.262180 0.261468 0.260622 0.259658 0.258593 0.257438 0.256207 0.254911 0.253560 0.252163 0.250727 0.249260 0.247768 0.246257 0.244732 0.243197 0.241657 0.240114 0.238573 0.237036 0.235506 0.233983
0.100000 0.115261 0.129913 0.143835 0.156957 0.169240 0.180664 0.191225 0.200932 0.209802 0.217858 0.225131 0.231652 0.237458 0.242587 0.247078 0.250971 0.254306 0.257122 0.259460 0.261355 0.262846 0.263967 0.264752 0.265231 0.265435 0.265392 0.265126 0.264663 0.264024 0.263229 0.262297 0.261246 0.260090 0.258844 0.257520 0.256131 0.254686 0.253195 0.251666 0.250107 0.248525 0.246925 0.245313 0.243693 0.242071 0.240449 0.238830 0.237219 0.235616
0.100000 0.114009 0.127510 0.140447 0.152767 0.164429 0.175402 0.185667 0.195215 0.204046 0.212167 0.219589 0.226331 0.232413 0.237861 0.242701 0.246963 0.250678 0.253877 0.256592 0.258856 0.260700 0.262157 0.263256 0.264027 0.264500 0.264700 0.264655 0.264387 0.263921 0.263277 0.262475 0.261533 0.260469 0.259298 0.258035 0.256691 0.255279 0.253811 0.252294 0.250739 0.249152 0.247542 0.245914 0.244273 0.242626 0.240976 0.239327 0.237682 0.236045
0.100000 0.112408 0.124433 0.136070 0.147282 0.158025 0.168262 0.177960 0.187096 0.195655 0.203628 0.211011 0.217808 0.224026 0.229677 0.234776 0.239340 0.243390 0.246949 0.250039 0.252686 0.254916 0.256754 0.258227 0.259360 0.260180 0.260711 0.260977 0.261002 0.260808 0.260416 0.259846 0.259116 0.258245 0.257249 0.256142 0.254939 0.253654 0.252296 0.250878 0.249410 0.247899 0.246355 0.244784 0.243193 0.241588 0.239974 0.238355 0.236736 0.235121
0.100000 0.110476 0.120761 0.130854 0.140716 0.150301 0.159563 0.168459 0.176954 0.185021 0.192638 0.199788 0.206463 0.212657 0.218369 0.223605 0.228369 0.232673 0.236529 0.239952 0.242958 0.245566 0.247796 0.249667 0.251200 0.252417 0.253338 0.253986 0.254380 0.254540 0.254488 0.254240 0.253817 0.253234 0.252508 0.251655 0.250689 0.249623 0.248470 0.247241 0.245948 0.244599 0.243203 0.241770 0.240305 0.238817 0.237310 0.235790 0.234262 0.232730
0.100000 0.108349 0.116747 0.125154 0.133518 0.141784 0.149899 0.157812 0.165480 0.172867 0.179940 0.186674 0.193050 0.199053 0.204671 0.209900 0.214735 0.219178 0.223233 0.226905 0.230205 0.233141 0.235727 0.237976 0.239903 0.241524 0.242855 0.243914 0.244718 0.245283 0.245627 0.245766 0.245717 0.245496 0.245117 0.244597 0.243948 0.243184 0.242318 0.241361 0.240324 0.239217 0.238049 0.236830 0.235568 0.234269 0.232940 0.231587 0.230216 0.228832
0.100000 0.106239 0.112753 0.119457 0.126282 0.133162 0.140039 0.146858 0.153572 0.160137 0.166518 0.172681 0.178600 0.184254 0.189623 0.194694 0.199457 0.203905 0.208033 0.211842 0.215331 0.218506 0.221370 0.223933 0.226202 0.228189 0.229903 0.231358 0.232566 0.233541 0.234296 0.234844 0.235201 0.235378 0.235391 0.235251 0.234972 0.234566 0.234044 0.233419 0.232700 0.231898 0.231022 0.230081 0.229083 0.228036 0.226946 0.225821 0.224666 0.223487
0.100000 0.104352 0.109137 0.114245 0.119593 0.125113 0.130745 0.136435 0.142133 0.147797 0.153385 0.158864 0.164203 0.169376 0.174360 0.179135 0.183686 0.188001 0.192069 0.195884 0.199441 0.202739 0.205775 0.208554 0.211077 0.213350 0.215379 0.217172 0.218736 0.220082 0.221218 0.222156 0.222905 0.223478 0.223883 0.224134 0.224240 0.224212 0.224061 0.223797 0.223429 0.222967 0.222421 0.221797 0.221106 0.220353 0.219546 0.218692 0.217797 0.216866
0.100000 0.102832 0.106157 0.109870 0.113891 0.118158 0.122614 0.127210 0.131898 0.136639 0.141393 0.146125 0.150805 0.155405 0.159899 0.164266 0.168487 0.172546 0.176429 0.180125 0.183625 0.186922 0.190012 0.192892 0.195560 0.198017 0.200265 0.202307 0.204147 0.205791 0.207244 0.208514 0.209607 0.210532 0.211297 0.211910 0.212380 0.212716 0.212926 0.213019 0.213003 0.212886 0.212678 0.212384 0.212014 0.211573 0.211069 0.210508 0.209896 0.209238
0.100000 0.101731 0.103919 0.106493 0.109394 0.112570 0.115975 0.119568 0.123309 0.127161 0.131090 0.135064 0.139054 0.143032 0.146974 0.150857 0.154661 0.158369 0.161965 0.165435 0.168767 0.171952 0.174981 0.177849 0.180550 0.183083 0.185444 0.187634 0.189653 0.191503 0.193187 0.194709 0.196072 0.197282 0.198344 0.199264 0.200048 0.200704 0.201237 0.201654 0.201963 0.202169 0.202281 0.202304 0.202245 0.202110 0.201905 0.201636 0.201309 0.200929
0.100000 0.101005 0.102372 0.104074 0.106080 0.108357 0.110870 0.113590 0.116485 0.119525 0.122682 0.125930 0.129241 0.132591 0.135958 0.139321 0.142659 0.145955 0.149193 0.152358 0.155436 0.158417 0.161291 0.164050 0.166685 0.169192 0.171567 0.173805 0.175906 0.177868 0.179691 0.181376 0.182925 0.184340 0.185624 0.186781 0.187814 0.188729 0.189529 0.190220 0.190806 0.191294 0.191688 0.191994 0.192217 0.192362 0.192435 0.192441 0.192384 0.192269
0.100000 0.100557 0.101368 0.102443 0.103772 0.105342 0.107133 0.109127 0.111300 0.113632 0.116101 0.118685 0.121363 0.124115 0.126920 0.129759 0.132616 0.135473 0.138314 0.141126 0.143895 0.146609 0.149258 0.151831 0.154322 0.156721 0.159025 0.161226 0.163323 0.165310 0.167187 0.168952 0.170605 0.172145 0.173575 0.174894 0.176106 0.177212 0.178216 0.179121 0.179930 0.180647 0.181276 0.181820 0.182285 0.182673 0.182990 0.183239 0.183424 0.183550
0.100000 0.100291 0.100746 0.101390 0.102232 0.103273 0.104505 0.105918 0.107502 0.109241 0.111121 0.113125 0.115238 0.117444 0.119726 0.122068 0.124457 0.126875 0.129311 0.131750 0.134181 0.136591 0.138971 0.141309 0.143599 0.145831 0.147999 0.150096 0.152118 0.154061 0.155920 0.157692 0.159376 0.160971 0.162475 0.163888 0.165212 0.166445 0.167591 0.168649 0.169623 0.170515 0.171327 0.172062 0.172722 0.173311 0.173832 0.174288 0.174682 0.175018
0.100000 0.100134 0.100370 0.100733 0.101240 0.101900 0.102716 0.103686 0.104805 0.106066 0.107460 0.108977 0.110605 0.112333 0.114148 0.116038 0.117992 0.119996 0.122039 0.124109 0.126197 0.128290 0.130379 0.132456 0.134511 0.136537 0.138526 0.140472 0.142369 0.144212 0.145997 0.147720 0.149377 0.150966 0.152485 0.153933 0.155309 0.156612 0.157842 0.159000 0.160085 0.161100 0.162046 0.162923 0.163734 0.164481 0.165165 0.165789 0.166356 0.166866
0.100000 0.100042 0.100145 0.100331 0.100617 0.101016 0.101535 0.102178 0.102946 0.103835 0.104843 0.105963 0.107189 0.108513 0.109926 0.111420 0.112986 0.114613 0.116293 0.118016 0.119773 0.121555 0.123353 0.125159 0.126966 0.128766 0.130552 0.132317 0.134056 0.135764 0.137435 0.139066 0.140652 0.142190 0.143678 0.145113 0.146493 0.147818 0.149084 0.150293 0.151444 0.152536 0.153570 0.154546 0.155466 0.156329 0.157138 0.157893 0.158596 0.159248
0.100000 0.099987 0.100013 0.100092 0.100238 0.100465 0.100781 0.101193 0.101703 0.102314 0.103025 0.103833 0.104736 0.105730 0.106809 0.107967 0.109198 0.110495 0.111851 0.113259 0.114712 0.116202 0.117722 0.119265 0.120825 0.122395 0.123969 0.125541 0.127105 0.128656 0.130189 0.131701 0.133186 0.134641 0.136064 0.137451 0.138799 0.140107 0.141372 0.142594 0.143771 0.144902 0.145987 0.147025 0.148016 0.148961 0.149859 0.150711 0.151517 0.152279
0.100000 0.099956 0.099937 0.099955 0.100019 0.100138 0.100322 0.100576 0.100906 0.101315 0.101805 0.102376 0.103028 0.103760 0.104568 0.105450 0.106402 0.107419 0.108496 0.109628 0.110810 0.112037 0.113303 0.114602 0.115928 0.117277 0.118643 0.120021 0.121406 0.122793 0.124177 0.125555 0.126923 0.128276 0.129611 0.130926 0.132217 0.133482 0.134719 0.135925 0.137098 0.138239 0.139344 0.140413 0.141446 0.142441 0.143398 0.144318 0.145199 0.146042
0.100000 0.099940 0.099900 0.099886 0.099905 0.099963 0.100065 0.100218 0.100426 0.100695 0.101027 0.101423 0.101887 0.102417 0.103013 0.103675 0.104400 0.105186 0.106029 0.106928 0.107878 0.108875 0.109916 0.110996 0.112111 0.113257 0.114429 0.115623 0.116835 0.118061 0.119297 0.120538 0.121782 0.123024 0.124262 0.125492 0.126711 0.127916 0.129105 0.130276 0.131426 0.132554 0.133657 0.134735 0.135785 0.136807 0.137800 0.138762 0.139694 0.140595
0.100000 0.099936 0.099892 0.099869 0.099869 0.099896 0.099952 0.100044 0.100175 0.100350 0.100572 0.100845 0.101170 0.101550 0.101985 0.102476 0.103023 0.103624 0.104279 0.104986 0.105742 0.106547 0.107396 0.108287 0.109218 0.110184 0.111183 0.112211 0.113265 0.114342 0.115437 0.116548 0.117672 0.118804 0.119942 0.121083 0.122224 0.123362 0.124495 0.125619 0.126733 0.127834 0.128921 0.129991 0.131042 0.132073 0.133083 0.134070 0.135033 0.135972
0.100000 0.099946 0.099912 0.099895 0.099894 0.099910 0.099945 0.100003 0.100088 0.100204 0.100354 0.100541 0.100770 0.101041 0.101358 0.101721 0.102131 0.102590 0.103097 0.103651 0.104253 0.104900 0.105592 0.106328 0.107103 0.107918 0.108769 0.109655 0.110571 0.111516 0.112487 0.113481 0.114495 0.115525 0.116571 0.117627 0.118692 0.119763 0.120836 0.121911 0.122983 0.124051 0.125112 0.126165 0.127206 0.128235 0.129250 0.130248 0.131228 0.132190
0.100000 0.099970 0.099960 0.099960 0.099969 0.099987 0.100016 0.100059 0.100119 0.100199 0.100304 0.100436 0.100598 0.100795 0.101027 0.101298 0.101609 0.101962 0.102358 0.102796 0.103279 0.103805 0.104374 0.104986 0.105639 0.106332 0.107063 0.107832 0.108635 0.109471 0.110338 0.111233 0.112153 0.113097 0.114061 0.115043 0.116040 0.117049 0.118069 0.119096 0.120127 0.121161 0.122195 0.123227 0.124254 0.125274 0.126285 0.127285 0.128273 0.129247
0.100000 0.100012 0.100034 0.100058 0.100082 0.100108 0.100139 0.100177 0.100225 0.100286 0.100364 0.100461 0.100582 0.100729 0.100906 0.101114 0.101357 0.101636 0.101953 0.102309 0.102705 0.103143 0.103622 0.104143 0.104704 0.105307 0.105948 0.106628 0.107346 0.108098 0.108885 0.109703 0.110550 0.111425 0.112325 0.113247 0.114189 0.115149 0.116123 0.117110 0.118107 0.119111 0.120120 0.121132 0.122143 0.123152 0.124156 0.125154 0.126144 0.127123
0.100000 0.100067 0.100123 0.100169 0.100207 0.100243 0.100278 0.100316 0.100359 0.100411 0.100475 0.100553 0.100650 0.100768 0.100911 0.101081 0.101281 0.101513 0.101780 0.102084 0.102425 0.102806 0.103227 0.103687 0.104189 0.104731 0.105313 0.105934 0.106593 0.107290 0.108022 0.108787 0.109585 0.110413 0.111268 0.112149 0.113053 0.113977 0.114920 0.115878 0.116850 0.117832 0.118822 0.119818 0.120817 0.121816 0.122814 0.123808 0.124796 0.125777
0.100000 0.100119 0.100197 0.100256 0.100304 0.100345 0.100384 0.100423 0.100465 0.100514 0.100571 0.100642 0.100728 0.100832 0.100959 0.101111 0.101291 0.101501 0.101745 0.102023 0.102337 0.102690 0.103082 0.103513 0.103985 0.104497 0.105050 0.105641 0.106272 0.106940 0.107645 0.108384 0.109157 0.109960 0.110793 0.111653 0.112537 0.113443 0.114370 0.115313 0.116271 0.117241 0.118221 0.119208 0.120200 0.121194 0.122188 0.123179 0.124166 0.125146
