0.454450 0.504750 0.531176 0.549670 0.564092 0.575979 0.586116 0.594959 0.602804 0.609853 0.616251 0.622104 0.627496 0.632490 0.637138 0.641481 0.645553 0.649382 0.652992 0.656405 0.659636 0.662701 0.665612 0.668383 0.671022 0.673539 0.675941 0.678236 0.680430 0.682529 0.684539 0.686464 0.688308 0.690076 0.691772 0.693398 0.694958 0.696455 0.697891 0.699270 0.700593 0.701863 0.703081 0.704251 0.705372 0.706448 0.707480 0.708470 0.709418 0.710326
0.515901 0.530246 0.547732 0.562178 0.574246 0.584574 0.593591 0.601587 0.608768 0.615280 0.621235 0.626715 0.631789 0.636508 0.640915 0.645045 0.648927 0.652586 0.656043 0.659315 0.662418 0.665366 0.668170 0.670840 0.673386 0.675815 0.678136 0.680355 0.682477 0.684508 0.686454 0.688318 0.690105 0.691818 0.693461 0.695037 0.696549 0.698001 0.699393 0.700730 0.702013 0.703244 0.704425 0.705558 0.706645 0.707688 0.708687 0.709645 0.710563 0.711442
0.575482 0.570347 0.576647 0.584952 0.593143 0.600783 0.607817 0.614287 0.620252 0.625773 0.630902 0.635684 0.640157 0.644354 0.648302 0.652026 0.655545 0.658877 0.662037 0.665040 0.667896 0.670616 0.673209 0.675684 0.678048 0.680308 0.682470 0.684539 0.686521 0.688419 0.690239 0.691984 0.693657 0.695263 0.696803 0.698281 0.699700 0.701061 0.702367 0.703621 0.704824 0.705979 0.707086 0.708148 0.709167 0.710143 0.711078 0.711974 0.712832 0.713653
0.622882 0.613293 0.611908 0.614407 0.618391 0.622890 0.627500 0.632044 0.636442 0.640661 0.644690 0.648531 0.652187 0.655669 0.658984 0.662143 0.665154 0.668027 0.670770 0.673391 0.675895 0.678291 0.680584 0.682780 0.684884 0.686900 0.688832 0.690686 0.692464 0.694170 0.695808 0.697379 0.698888 0.700337 0.701727 0.703062 0.704344 0.705574 0.706754 0.707887 0.708973 0.710016 0.711015 0.711973 0.712890 0.713769 0.714610 0.715415 0.716184 0.716920
0.659819 0.652951 0.648374 0.646844 0.647280 0.648842 0.651033 0.653568 0.656277 0.659058 0.661849 0.664610 0.667318 0.669959 0.672522 0.675005 0.677404 0.679720 0.681952 0.684103 0.686175 0.688169 0.690088 0.691935 0.693712 0.695421 0.697065 0.698646 0.700167 0.701629 0.703034 0.704386 0.705684 0.706932 0.708131 0.709282 0.710388 0.711449 0.712467 0.713444 0.714380 0.715277 0.716137 0.716959 0.717747 0.718499 0.719218 0.719905 0.720559 0.721183
0.691982 0.688198 0.683006 0.679369 0.677386 0.676648 0.676777 0.677493 0.678605 0.679979 0.681525 0.683179 0.684895 0.686643 0.688398 0.690144 0.691871 0.693568 0.695230 0.696853 0.698434 0.699970 0.701462 0.702907 0.704307 0.705661 0.706969 0.708232 0.709451 0.710627 0.711759 0.712850 0.713900 0.714910 0.715882 0.716815 0.717711 0.718570 0.719395 0.720184 0.720941 0.721664 0.722356 0.723016 0.723646 0.724247 0.724819 0.725362 0.725878 0.726368
0.724952 0.719660 0.714596 0.710214 0.706928 0.704685 0.703294 0.702559 0.702319 0.702451 0.702858 0.703469 0.704231 0.705101 0.706049 0.707050 0.708086 0.709142 0.710208 0.711273 0.712332 0.713378 0.714409 0.715420 0.716408 0.717373 0.718312 0.719224 0.720109 0.720966 0.721794 0.722594 0.723366 0.724109 0.724824 0.725510 0.726169 0.726800 0.727404 0.727981 0.728532 0.729058 0.729557 0.730032 0.730482 0.730908 0.731311 0.731690 0.732047 0.732381
0.753150 0.747704 0.742954 0.738592 0.734850 0.731828 0.729487 0.727735 0.726471 0.725603 0.725053 0.724755 0.724660 0.724724 0.724915 0.725205 0.725572 0.725999 0.726471 0.726978 0.727508 0.728054 0.728611 0.729171 0.729732 0.730289 0.730839 0.731381 0.731911 0.732428 0.732931 0.733418 0.733890 0.734344 0.734780 0.735199 0.735600 0.735981 0.736345 0.736689 0.737015 0.737321 0.737610 0.737879 0.738130 0.738363 0.738578 0.738776 0.738955 0.739117
0.777231 0.772525 0.768331 0.764373 0.760707 0.757448 0.754642 0.752282 0.750327 0.748728 0.747435 0.746401 0.745585 0.744951 0.744469 0.744114 0.743864 0.743702 0.743611 0.743580 0.743597 0.743653 0.743740 0.743852 0.743983 0.744129 0.744284 0.744446 0.744612 0.744779 0.744945 0.745107 0.745265 0.745417 0.745562 0.745699 0.745826 0.745944 0.746051 0.746148 0.746233 0.746307 0.746368 0.746418 0.746456 0.746481 0.746494 0.746494 0.746483 0.746458
0.798096 0.794592 0.791182 0.787798 0.784476 0.781312 0.778386 0.775740 0.773382 0.771302 0.769479 0.767887 0.766500 0.765293 0.764243 0.763330 0.762535 0.761842 0.761237 0.760708 0.760244 0.759835 0.759474 0.759153 0.758867 0.758609 0.758375 0.758161 0.757963 0.757779 0.757605 0.757439 0.757279 0.757122 0.756968 0.756815 0.756662 0.756507 0.756349 0.756188 0.756023 0.755854 0.755679 0.755499 0.755312 0.755119 0.754919 0.754712 0.754498 0.754277
0.816782 0.814667 0.812069 0.809271 0.806368 0.803450 0.800602 0.797885 0.795338 0.792978 0.790807 0.788820 0.787006 0.785352 0.783843 0.782466 0.781208 0.780055 0.778996 0.778020 0.777119 0.776283 0.775505 0.774778 0.774096 0.773453 0.772845 0.772268 0.771716 0.771188 0.770680 0.770189 0.769712 0.769249 0.768796 0.768351 0.767915 0.767484 0.767058 0.766635 0.766215 0.765797 0.765380 0.764963 0.764546 0.764128 0.763709 0.763287 0.762864 0.762438
0.835013 0.833549 0.831552 0.829220 0.826683 0.824028 0.821331 0.818657 0.816053 0.813553 0.811173 0.808923 0.806806 0.804817 0.802952 0.801204 0.799564 0.798024 0.796575 0.795211 0.793923 0.792704 0.791548 0.790449 0.789401 0.788400 0.787440 0.786518 0.785630 0.784772 0.783941 0.783135 0.782351 0.781587 0.780840 0.780109 0.779392 0.778687 0.777994 0.777310 0.776635 0.775967 0.775306 0.774651 0.774001 0.773355 0.772713 0.772074 0.771437 0.770803
0.852978 0.851803 0.850070 0.848002 0.845703 0.843244 0.840688 0.838088 0.835490 0.832931 0.830434 0.828018 0.825692 0.823461 0.821327 0.819289 0.817343 0.815485 0.813711 0.812015 0.810392 0.808838 0.807346 0.805913 0.804534 0.803204 0.801920 0.800678 0.799474 0.798306 0.797170 0.796064 0.794986 0.793932 0.792902 0.791893 0.790903 0.789931 0.788976 0.788035 0.787108 0.786194 0.785291 0.784399 0.783517 0.782644 0.781780 0.780922 0.780072 0.779229
0.871205 0.869656 0.867870 0.865849 0.863635 0.861269 0.858794 0.856247 0.853666 0.851082 0.848518 0.845996 0.843528 0.841123 0.838789 0.836528 0.834340 0.832226 0.830183 0.828209 0.826302 0.824458 0.822673 0.820945 0.819270 0.817644 0.816066 0.814531 0.813037 0.811581 0.810160 0.808773 0.807417 0.806090 0.804789 0.803514 0.802263 0.801034 0.799825 0.798636 0.797464 0.796310 0.795171 0.794048 0.792938 0.791841 0.790757 0.789685 0.788623 0.787572
0.889120 0.887031 0.884998 0.882853 0.880586 0.878207 0.875738 0.873199 0.870614 0.868006 0.865394 0.862796 0.860226 0.857694 0.855209 0.852775 0.850397 0.848077 0.845814 0.843610 0.841462 0.839370 0.837333 0.835347 0.833411 0.831523 0.829680 0.827880 0.826122 0.824402 0.822719 0.821071 0.819457 0.817873 0.816319 0.814794 0.813295 0.811821 0.810371 0.808943 0.807537 0.806152 0.804785 0.803438 0.802107 0.800794 0.799496 0.798214 0.796946 0.795692
0.906087 0.903705 0.901356 0.898986 0.896568 0.894092 0.891561 0.888979 0.886358 0.883709 0.881047 0.878384 0.875731 0.873099 0.870494 0.867924 0.865393 0.862905 0.860462 0.858065 0.855715 0.853413 0.851158 0.848948 0.846784 0.844663 0.842585 0.840549 0.838552 0.836593 0.834671 0.832784 0.830931 0.829111 0.827321 0.825561 0.823830 0.822126 0.820449 0.818796 0.817168 0.815562 0.813979 0.812417 0.810876 0.809354 0.807851 0.806367 0.804900 0.803450
0.922069 0.919439 0.916769 0.914138 0.911521 0.908898 0.906256 0.903590 0.900900 0.898190 0.895465 0.892734 0.890004 0.887283 0.884577 0.881893 0.879234 0.876606 0.874011 0.871452 0.868931 0.866449 0.864005 0.861602 0.859238 0.856913 0.854627 0.852379 0.850168 0.847994 0.845855 0.843751 0.841680 0.839642 0.837636 0.835660 0.833713 0.831795 0.829905 0.828042 0.826205 0.824393 0.822605 0.820841 0.819099 0.817380 0.815682 0.814005 0.812348 0.810711
0.937098 0.934007 0.931042 0.928164 0.925344 0.922556 0.919780 0.917004 0.914222 0.911429 0.908628 0.905820 0.903010 0.900203 0.897403 0.894615 0.891845 0.889095 0.886369 0.883670 0.881000 0.878361 0.875754 0.873181 0.870642 0.868137 0.865666 0.863230 0.860828 0.858461 0.856127 0.853826 0.851558 0.849322 0.847117 0.844942 0.842798 0.840683 0.838596 0.836538 0.834507 0.832502 0.830523 0.828570 0.826641 0.824737 0.822855 0.820997 0.819161 0.817347
0.950598 0.947188 0.943998 0.940922 0.937925 0.934980 0.932068 0.929172 0.926282 0.923393 0.920502 0.917607 0.914710 0.911814 0.908921 0.906036 0.903160 0.900299 0.897455 0.894631 0.891829 0.889051 0.886300 0.883576 0.880882 0.878217 0.875582 0.872979 0.870406 0.867866 0.865356 0.862878 0.860431 0.858016 0.855630 0.853276 0.850951 0.848655 0.846389 0.844151 0.841941 0.839759 0.837604 0.835476 0.833373 0.831296 0.829245 0.827217 0.825214 0.823235
0.962263 0.958817 0.955501 0.952292 0.949160 0.946083 0.943044 0.940030 0.937029 0.934035 0.931043 0.928052 0.925061 0.922070 0.919082 0.916098 0.913121 0.910153 0.907198 0.904258 0.901335 0.898432 0.895550 0.892691 0.889857 0.887049 0.884268 0.881514 0.878789 0.876093 0.873426 0.870788 0.868181 0.865603 0.863056 0.860537 0.858049 0.855590 0.853160 0.850759 0.848386 0.846042 0.843726 0.841437 0.839176 0.836941 0.834733 0.832550 0.830393 0.828262
0.972260 0.968828 0.965475 0.962194 0.958969 0.955788 0.952639 0.949512 0.946400 0.943297 0.940199 0.937105 0.934011 0.930920 0.927831 0.924745 0.921665 0.918593 0.915530 0.912480 0.909443 0.906423 0.903420 0.900438 0.897477 0.894539 0.891625 0.888736 0.885874 0.883038 0.880230 0.877450 0.874698 0.871975 0.869281 0.866617 0.863981 0.861375 0.858798 0.856249 0.853730 0.851240 0.848778 0.846344 0.843939 0.841561 0.839210 0.836887 0.834590 0.832320
0.980598 0.977231 0.973893 0.970582 0.967295 0.964030 0.960783 0.957551 0.954329 0.951115 0.947907 0.944703 0.941501 0.938303 0.935108 0.931917 0.928732 0.925554 0.922385 0.919226 0.916080 0.912949 0.909833 0.906736 0.903658 0.900601 0.897567 0.894556 0.891569 0.888608 0.885673 0.882765 0.879884 0.877032 0.874208 0.871412 0.868646 0.865908 0.863200 0.860521 0.857871 0.855250 0.852658 0.850095 0.847561 0.845056 0.842578 0.840129 0.837707 0.835313
0.987322 0.984079 0.980765 0.977435 0.974097 0.970756 0.967416 0.964080 0.960748 0.957420 0.954097 0.950778 0.947463 0.944152 0.940847 0.937547 0.934253 0.930968 0.927692 0.924427 0.921175 0.917937 0.914714 0.911509 0.908322 0.905156 0.902011 0.898889 0.895790 0.892716 0.889668 0.886646 0.883651 0.880684 0.877744 0.874834 0.871952 0.869099 0.866275 0.863481 0.860716 0.857981 0.855276 0.852599 0.849952 0.847335 0.844746 0.842186 0.839655 0.837152
0.992719 0.989420 0.986106 0.982740 0.979338 0.975913 0.972474 0.969029 0.965582 0.962136 0.958693 0.955255 0.951822 0.948394 0.944974 0.941562 0.938158 0.934765 0.931382 0.928012 0.924656 0.921314 0.917990 0.914683 0.911395 0.908127 0.904882 0.901659 0.898459 0.895285 0.892136 0.889013 0.885918 0.882850 0.879810 0.876799 0.873817 0.870864 0.867941 0.865048 0.862184 0.859351 0.856548 0.853774 0.851030 0.848317 0.845633 0.842978 0.840353 0.837758
0.996544 0.993276 0.989910 0.986467 0.982971 0.979440 0.975887 0.972322 0.968752 0.965181 0.961613 0.958051 0.954496 0.950949 0.947412 0.943885 0.940371 0.936869 0.933381 0.929907 0.926450 0.923010 0.919588 0.916186 0.912804 0.909444 0.906107 0.902793 0.899505 0.896241 0.893004 0.889794 0.886611 0.883457 0.880332 0.877235 0.874169 0.871132 0.868125 0.865149 0.862203 0.859287 0.856402 0.853548 0.850724 0.847931 0.845168 0.842435 0.839733 0.837060
0.998954 0.995631 0.992135 0.988557 0.984925 0.981259 0.977571 0.973871 0.970168 0.966465 0.962767 0.959077 0.955398 0.951730 0.948075 0.944435 0.940811 0.937202 0.933611 0.930039 0.926485 0.922952 0.919440 0.915949 0.912482 0.909039 0.905620 0.902226 0.898859 0.895519 0.892207 0.888923 0.885667 0.882441 0.879245 0.876079 0.872943 0.869837 0.866763 0.863720 0.860708 0.857727 0.854777 0.851859 0.848972 0.846115 0.843290 0.840496 0.837732 0.834999
1.000000 0.996397 0.992681 0.988910 0.985101 0.981270 0.977426 0.973578 0.969731 0.965890 0.962058 0.958239 0.954435 0.950648 0.946878 0.943127 0.939396 0.935686 0.931997 0.928331 0.924688 0.921069 0.917475 0.913906 0.910363 0.906846 0.903357 0.899896 0.896463 0.893060 0.889686 0.886342 0.883028 0.879745 0.876493 0.873273 0.870084 0.866927 0.863801 0.860708 0.857647 0.854617 0.851620 0.848655 0.845721 0.842819 0.839949 0.837110 0.834303 0.831526
0.999445 0.995391 0.991393 0.987385 0.983368 0.979350 0.975335 0.971328 0.967331 0.963349 0.959384 0.955438 0.951513 0.947609 0.943729 0.939874 0.936044 0.932239 0.928462 0.924711 0.920988 0.917294 0.913628 0.909992 0.906385 0.902808 0.899262 0.895747 0.892262 0.888810 0.885389 0.882001 0.878645 0.875321 0.872030 0.868772 0.865547 0.862355 0.859196 0.856070 0.852976 0.849916 0.846889 0.843894 0.840932 0.838002 0.835104 0.832238 0.829404 0.826601
0.996703 0.992368 0.988073 0.983810 0.979573 0.975359 0.971168 0.966999 0.962854 0.958734 0.954640 0.950572 0.946533 0.942523 0.938542 0.934592 0.930673 0.926786 0.922931 0.919109 0.915319 0.911563 0.907839 0.904149 0.900493 0.896871 0.893283 0.889729 0.886210 0.882725 0.879274 0.875858 0.872476 0.869129 0.865817 0.862539 0.859296 0.856086 0.852912 0.849771 0.846664 0.843591 0.840552 0.837545 0.834573 0.831633 0.828725 0.825850 0.823007 0.820196
0.991686 0.987076 0.982502 0.977996 0.973547 0.969146 0.964786 0.960465 0.956180 0.951932 0.947719 0.943542 0.939402 0.935298 0.931231 0.927201 0.923209 0.919254 0.915338 0.911460 0.907620 0.903818 0.900054 0.896328 0.892640 0.888991 0.885379 0.881804 0.878268 0.874768 0.871306 0.867881 0.864493 0.861141 0.857826 0.854547 0.851304 0.848097 0.844926 0.841789 0.838687 0.835620 0.832588 0.829589 0.826624 0.823692 0.820793 0.817927 0.815093 0.812291
0.984219 0.979278 0.974470 0.969760 0.965128 0.960562 0.956055 0.951599 0.947193 0.942834 0.938521 0.934253 0.930030 0.925851 0.921717 0.917627 0.913581 0.909579 0.905622 0.901708 0.897838 0.894011 0.890228 0.886487 0.882788 0.879131 0.875516 0.871942 0.868408 0.864915 0.861462 0.858049 0.854674 0.851339 0.848041 0.844781 0.841559 0.838374 0.835225 0.832113 0.829036 0.825994 0.822988 0.820015 0.817077 0.814172 0.811301 0.808462 0.805655 0.802881
0.973911 0.968764 0.963794 0.958935 0.954165 0.949472 0.944848 0.940288 0.935787 0.931343 0.926955 0.922620 0.918339 0.914110 0.909932 0.905807 0.901732 0.897708 0.893734 0.889810 0.885934 0.882107 0.878328 0.874595 0.870909 0.867269 0.863674 0.860124 0.856617 0.853153 0.849732 0.846352 0.843013 0.839715 0.836457 0.833238 0.830058 0.826915 0.823810 0.820742 0.817711 0.814715 0.811754 0.808827 0.805935 0.803077 0.800251 0.797458 0.794698 0.791968
0.960525 0.955380 0.950335 0.945391 0.940535 0.935760 0.931060 0.926431 0.921870 0.917374 0.912942 0.908572 0.904263 0.900015 0.895825 0.891694 0.887620 0.883603 0.879642 0.875735 0.871883 0.868083 0.864336 0.860640 0.856994 0.853397 0.849848 0.846347 0.842891 0.839482 0.836116 0.832795 0.829516 0.826279 0.823083 0.819927 0.816811 0.813733 0.810693 0.807691 0.804725 0.801795 0.798900 0.796040 0.793214 0.790421 0.787660 0.784932 0.782235 0.779569
0.944194 0.939049 0.934003 0.929034 0.924146 0.919338 0.914607 0.909952 0.905371 0.900863 0.896426 0.892058 0.887758 0.883526 0.879359 0.875258 0.871219 0.867243 0.863328 0.859472 0.855675 0.851935 0.848251 0.844622 0.841045 0.837521 0.834047 0.830623 0.827247 0.823918 0.820635 0.817397 0.814202 0.811051 0.807941 0.804872 0.801843 0.798852 0.795900 0.792985 0.790106 0.787263 0.784455 0.781680 0.778939 0.776231 0.773554 0.770909 0.768295 0.765710
0.924772 0.919752 0.914752 0.909809 0.904940 0.900147 0.895434 0.890801 0.886246 0.881770 0.877371 0.873049 0.868801 0.864626 0.860524 0.856491 0.852527 0.848631 0.844799 0.841031 0.837325 0.833679 0.830092 0.826562 0.823088 0.819667 0.816299 0.812981 0.809713 0.806494 0.803320 0.800193 0.797109 0.794068 0.791070 0.788111 0.785193 0.782313 0.779470 0.776664 0.773894 0.771158 0.768456 0.765788 0.763152 0.760547 0.757973 0.755429 0.752915 0.750430
0.902417 0.897501 0.892569 0.887694 0.882890 0.878164 0.873519 0.868957 0.864480 0.860085 0.855774 0.851545 0.847396 0.843326 0.839332 0.835413 0.831567 0.827791 0.824084 0.820443 0.816867 0.813353 0.809899 0.806504 0.803166 0.799882 0.796651 0.793472 0.790342 0.787260 0.784225 0.781235 0.778289 0.775385 0.772522 0.769699 0.766914 0.764167 0.761457 0.758782 0.756141 0.753533 0.750959 0.748415 0.745903 0.743420 0.740967 0.738543 0.736146 0.733776
0.877220 0.872306 0.867464 0.862696 0.858005 0.853396 0.848872 0.844436 0.840089 0.835832 0.831662 0.827579 0.823581 0.819665 0.815829 0.812072 0.808389 0.804780 0.801240 0.797769 0.794362 0.791019 0.787737 0.784513 0.781346 0.778233 0.775172 0.772162 0.769201 0.766287 0.763419 0.760594 0.757812 0.755070 0.752368 0.749704 0.747077 0.744486 0.741929 0.739406 0.736915 0.734456 0.732027 0.729628 0.727257 0.724915 0.722600 0.720311 0.718048 0.715810
0.849057 0.844171 0.839466 0.834851 0.830324 0.825885 0.821539 0.817288 0.813131 0.809068 0.805097 0.801217 0.797424 0.793717 0.790092 0.786545 0.783075 0.779678 0.776352 0.773093 0.769898 0.766766 0.763693 0.760678 0.757717 0.754809 0.751952 0.749143 0.746381 0.743664 0.740990 0.738357 0.735765 0.733210 0.730693 0.728212 0.725765 0.723351 0.720969 0.718617 0.716296 0.714004 0.711740 0.709502 0.707291 0.705106 0.702945 0.700808 0.698694 0.696603
0.817730 0.813132 0.808632 0.804227 0.799920 0.795712 0.791607 0.787602 0.783698 0.779893 0.776182 0.772565 0.769036 0.765593 0.762231 0.758948 0.755740 0.752603 0.749535 0.746531 0.743590 0.740708 0.737883 0.735113 0.732393 0.729724 0.727101 0.724524 0.721991 0.719498 0.717045 0.714631 0.712253 0.709909 0.707600 0.705322 0.703076 0.700860 0.698672 0.696512 0.694378 0.692271 0.690188 0.688129 0.686093 0.684079 0.682088 0.680117 0.678167 0.676236
0.783552 0.779290 0.775060 0.770929 0.766908 0.763000 0.759203 0.755515 0.751931 0.748449 0.745063 0.741769 0.738563 0.735440 0.732397 0.729428 0.726531 0.723701 0.720935 0.718229 0.715582 0.712989 0.710448 0.707956 0.705511 0.703111 0.700754 0.698437 0.696158 0.693917 0.691710 0.689537 0.687396 0.685286 0.683204 0.681151 0.679125 0.677124 0.675149 0.673196 0.671267 0.669360 0.667473 0.665607 0.663761 0.661933 0.660124 0.658332 0.656557 0.654799
0.746776 0.742795 0.738890 0.735106 0.731450 0.727918 0.724506 0.721207 0.718015 0.714924 0.711927 0.709019 0.706194 0.703447 0.700774 0.698169 0.695629 0.693150 0.690728 0.688360 0.686043 0.683774 0.681551 0.679370 0.677230 0.675128 0.673062 0.671031 0.669032 0.667064 0.665126 0.663215 0.661332 0.659473 0.657638 0.655827 0.654037 0.652269 0.650520 0.648790 0.647079 0.645386 0.643709 0.642048 0.640403 0.638773 0.637157 0.635556 0.633967 0.632392
0.707508 0.703815 0.700312 0.696964 0.693761 0.690692 0.687746 0.684914 0.682186 0.679554 0.677010 0.674546 0.672158 0.669838 0.667583 0.665388 0.663248 0.661159 0.659119 0.657124 0.655171 0.653257 0.651380 0.649537 0.647728 0.645948 0.644197 0.642474 0.640775 0.639101 0.637449 0.635819 0.634209 0.632618 0.631046 0.629490 0.627951 0.626427 0.624919 0.623424 0.621942 0.620473 0.619017 0.617572 0.616138 0.614715 0.613302 0.611900 0.610506 0.609122
0.665793 0.662560 0.659576 0.656771 0.654121 0.651607 0.649212 0.646924 0.644730 0.642621 0.640588 0.638623 0.636721 0.634875 0.633081 0.631334 0.629631 0.627967 0.626339 0.624746 0.623184 0.621650 0.620144 0.618662 0.617203 0.615766 0.614348 0.612949 0.611567 0.610202 0.608851 0.607515 0.606192 0.604881 0.603582 0.602293 0.601015 0.599746 0.598486 0.597235 0.595992 0.594756 0.593528 0.592306 0.591091 0.589882 0.588680 0.587482 0.586290 0.585104
0.621869 0.619333 0.617015 0.614874 0.612882 0.611013 0.609250 0.607577 0.605981 0.604452 0.602981 0.601561 0.600186 0.598851 0.597552 0.596285 0.595046 0.593832 0.592641 0.591472 0.590320 0.589186 0.588067 0.586961 0.585868 0.584787 0.583715 0.582653 0.581599 0.580552 0.579513 0.578479 0.577451 0.576428 0.575410 0.574395 0.573385 0.572377 0.571373 0.570371 0.569372 0.568375 0.567380 0.566386 0.565395 0.564405 0.563416 0.562428 0.561442 0.560457
0.576217 0.574567 0.573060 0.571702 0.570465 0.569326 0.568265 0.567267 0.566319 0.565414 0.564544 0.563702 0.562884 0.562086 0.561305 0.560537 0.559781 0.559034 0.558295 0.557562 0.556833 0.556109 0.555387 0.554666 0.553947 0.553228 0.552509 0.551790 0.551069 0.550346 0.549622 0.548896 0.548167 0.547435 0.546701 0.545964 0.545224 0.544480 0.543734 0.542984 0.542231 0.541474 0.540715 0.539952 0.539185 0.538416 0.537643 0.536867 0.536088 0.535306
0.529510 0.528817 0.528238 0.527764 0.527364 0.527017 0.526708 0.526426 0.526160 0.525906 0.525658 0.525413 0.525167 0.524919 0.524665 0.524406 0.524140 0.523865 0.523581 0.523288 0.522986 0.522673 0.522349 0.522015 0.521670 0.521315 0.520948 0.520571 0.520182 0.519783 0.519374 0.518953 0.518523 0.518082 0.517631 0.517170 0.516699 0.516218 0.515729 0.515230 0.514722 0.514205 0.513679 0.513146 0.512604 0.512054 0.511497 0.510932 0.510360 0.509781
0.482408 0.482726 0.483165 0.483640 0.484123 0.484602 0.485068 0.485517 0.485943 0.486346 0.486724 0.487075 0.487399 0.487697 0.487968 0.488212 0.488429 0.488621 0.488786 0.488927 0.489043 0.489135 0.489203 0.489248 0.489271 0.489271 0.489251 0.489209 0.489147 0.489065 0.488963 0.488843 0.488705 0.488549 0.488375 0.488185 0.487979 0.487756 0.487519 0.487266 0.486999 0.486717 0.486423 0.486114 0.485794 0.485460 0.485115 0.484758 0.484390 0.484011
0.435521 0.437013 0.438515 0.439954 0.441321 0.442619 0.443849 0.445014 0.446115 0.447157 0.448141 0.449069 0.449945 0.450769 0.451545 0.452273 0.452956 0.453596 0.454194 0.454751 0.455269 0.455750 0.456194 0.456604 0.456980 0.457323 0.457634 0.457915 0.458167 0.458390 0.458586 0.458755 0.458898 0.459017 0.459111 0.459183 0.459232 0.459259 0.459265 0.459251 0.459217 0.459164 0.459093 0.459004 0.458898 0.458775 0.458636 0.458482 0.458312 0.458129
0.389673 0.392460 0.394987 0.397338 0.399538 0.401603 0.403548 0.405382 0.407114 0.408751 0.410301 0.411767 0.413157 0.414473 0.415719 0.416900 0.418018 0.419076 0.420078 0.421025 0.421920 0.422765 0.423562 0.424313 0.425021 0.425686 0.426310 0.426895 0.427443 0.427954 0.428431 0.428873 0.429284 0.429663 0.430012 0.430332 0.430623 0.430888 0.431127 0.431340 0.431530 0.431695 0.431838 0.431959 0.432059 0.432139 0.432198 0.432239 0.432261 0.432266
0.346055 0.349842 0.353247 0.356390 0.359317 0.362057 0.364631 0.367057 0.369347 0.371515 0.373568 0.375516 0.377366 0.379123 0.380793 0.382381 0.383892 0.385329 0.386697 0.387998 0.389236 0.390413 0.391533 0.392597 0.393608 0.394569 0.395481 0.396347 0.397167 0.397945 0.398682 0.399378 0.400037 0.400658 0.401244 0.401796 0.402316 0.402803 0.403260 0.403688 0.404087 0.404458 0.404804 0.405123 0.405418 0.405690 0.405938 0.406164 0.406369 0.406553
0.305413 0.309810 0.313870 0.317630 0.321136 0.324420 0.327509 0.330424 0.333180 0.335792 0.338271 0.340627 0.342870 0.345005 0.347040 0.348981 0.350833 0.352601 0.354289 0.355901 0.357440 0.358911 0.360316 0.361659 0.362941 0.364166 0.365337 0.366454 0.367521 0.368540 0.369512 0.370439 0.371323 0.372166 0.372970 0.373735 0.374463 0.375156 0.375814 0.376440 0.377033 0.377596 0.378130 0.378635 0.379112 0.379563 0.379988 0.380388 0.380764 0.381117
0.268056 0.272820 0.277292 0.281465 0.285375 0.289051 0.292520 0.295802 0.298914 0.301871 0.304685 0.307367 0.309924 0.312366 0.314700 0.316930 0.319065 0.321108 0.323064 0.324938 0.326733 0.328454 0.330103 0.331685 0.333202 0.334656 0.336051 0.337389 0.338672 0.339903 0.341083 0.342215 0.343301 0.344342 0.345339 0.346296 0.347212 0.348091 0.348932 0.349737 0.350508 0.351246 0.351952 0.352627 0.353272 0.353888 0.354477 0.355038 0.355573 0.356083
0.234185 0.239140 0.243792 0.248169 0.252299 0.256207 0.259912 0.263433 0.266785 0.269981 0.273032 0.275948 0.278738 0.281409 0.283968 0.286422 0.288775 0.291034 0.293203 0.295286 0.297288 0.299212 0.301062 0.302840 0.304551 0.306197 0.307781 0.309306 0.310773 0.312185 0.313544 0.314853 0.316113 0.317326 0.318494 0.319619 0.320701 0.321744 0.322747 0.323713 0.324643 0.325537 0.326398 0.327226 0.328023 0.328789 0.329526 0.330234 0.330914 0.331568
0.203971 0.208872 0.213490 0.217878 0.222056 0.226039 0.229841 0.233475 0.236951 0.240279 0.243470 0.246530 0.249468 0.252290 0.255001 0.257609 0.260117 0.262531 0.264855 0.267094 0.269251 0.271330 0.273334 0.275267 0.277131 0.278930 0.280666 0.282341 0.283958 0.285520 0.287028 0.288484 0.289890 0.291249 0.292562 0.293830 0.295055 0.296239 0.297383 0.298489 0.299557 0.300589 0.301587 0.302550 0.303482 0.304381 0.305250 0.306090 0.306901 0.307684
0.177379 0.181955 0.186360 0.190599 0.194678 0.198601 0.202375 0.206005 0.209498 0.212860 0.216097 0.219215 0.222220 0.225116 0.227909 0.230604 0.233203 0.235713 0.238137 0.240478 0.242740 0.244926 0.247039 0.249083 0.251059 0.252971 0.254822 0.256613 0.258346 0.260025 0.261650 0.263224 0.264749 0.266226 0.267657 0.269044 0.270388 0.271690 0.272952 0.274176 0.275362 0.276512 0.277626 0.278707 0.279755 0.280771 0.281755 0.282710 0.283636 0.284533
0.154059 0.158191 0.162261 0.166234 0.170100 0.173855 0.177498 0.181027 0.184445 0.187753 0.190954 0.194052 0.197050 0.199952 0.202760 0.205479 0.208111 0.210660 0.213130 0.215522 0.217841 0.220089 0.222267 0.224380 0.226430 0.228417 0.230346 0.232218 0.234034 0.235798 0.237510 0.239173 0.240787 0.242355 0.243879 0.245359 0.246797 0.248194 0.249552 0.250872 0.252155 0.253402 0.254614 0.255793 0.256939 0.258053 0.259136 0.260189 0.261213 0.262208
0.133606 0.137294 0.140968 0.144604 0.148184 0.151695 0.155130 0.158483 0.161751 0.164934 0.168030 0.171042 0.173970 0.176815 0.179581 0.182269 0.184881 0.187419 0.189886 0.192284 0.194615 0.196882 0.199085 0.201229 0.203313 0.205341 0.207313 0.209233 0.211100 0.212918 0.214688 0.216410 0.218087 0.219720 0.221310 0.222859 0.224367 0.225836 0.227267 0.228662 0.230020 0.231344 0.232634 0.233891 0.235116 0.236310 0.237474 0.238608 0.239713 0.240791
0.115699 0.118946 0.122213 0.125485 0.128740 0.131962 0.135140 0.138264 0.141329 0.144333 0.147271 0.150144 0.152950 0.155690 0.158365 0.160974 0.163521 0.166004 0.168427 0.170789 0.173094 0.175341 0.177533 0.179671 0.181757 0.183791 0.185776 0.187712 0.189601 0.191444 0.193243 0.194998 0.196711 0.198383 0.200016 0.201609 0.203164 0.204682 0.206165 0.207612 0.209026 0.210406 0.211754 0.213071 0.214356 0.215612 0.216839 0.218037 0.219207 0.220350
0.100012 0.102835 0.105718 0.108633 0.111556 0.114470 0.117365 0.120230 0.123058 0.125846 0.128588 0.131284 0.133930 0.136526 0.139072 0.141566 0.144010 0.146402 0.148745 0.151038 0.153282 0.155477 0.157626 0.159728 0.161784 0.163796 0.165764 0.167689 0.169572 0.171414 0.173216 0.174979 0.176704 0.178392 0.180042 0.181657 0.183237 0.184783 0.186296 0.187776 0.189225 0.190642 0.192029 0.193386 0.194714 0.196014 0.197286 0.198531 0.199749 0.200942
0.086214 0.088675 0.091223 0.093807 0.096411 0.099020 0.101625 0.104218 0.106793 0.109345 0.111869 0.114362 0.116823 0.119248 0.121637 0.123988 0.126301 0.128575 0.130809 0.133005 0.135161 0.137277 0.139355 0.141395 0.143396 0.145359 0.147285 0.149175 0.151028 0.152845 0.154628 0.156376 0.158090 0.159770 0.161418 0.163034 0.164618 0.166172 0.167695 0.169188 0.170652 0.172088 0.173496 0.174876 0.176229 0.177555 0.178856 0.180131 0.181382 0.182608
0.073985 0.076228 0.078495 0.080785 0.083092 0.085411 0.087734 0.090058 0.092376 0.094685 0.096981 0.099260 0.101520 0.103758 0.105973 0.108162 0.110325 0.112459 0.114565 0.116642 0.118689 0.120705 0.122691 0.124647 0.126571 0.128465 0.130328 0.132161 0.133963 0.135735 0.137477 0.139189 0.140873 0.142527 0.144153 0.145750 0.147320 0.148862 0.150378 0.151866 0.153329 0.154765 0.156176 0.157562 0.158924 0.160261 0.161574 0.162865 0.164132 0.165376
0.063272 0.065314 0.067337 0.069365 0.071403 0.073453 0.075511 0.077577 0.079646 0.081716 0.083784 0.085847 0.087901 0.089945 0.091976 0.093993 0.095994 0.097977 0.099940 0.101884 0.103806 0.105706 0.107584 0.109439 0.111270 0.113077 0.114859 0.116618 0.118351 0.120061 0.121745 0.123405 0.125040 0.126651 0.128238 0.129800 0.131338 0.132853 0.134344 0.135812 0.137256 0.138678 0.140077 0.141453 0.142808 0.144141 0.145452 0.146742 0.148012 0.149260
0.053953 0.055779 0.057577 0.059368 0.061163 0.062967 0.064781 0.066607 0.068442 0.070284 0.072132 0.073983 0.075835 0.077686 0.079532 0.081373 0.083207 0.085031 0.086845 0.088646 0.090434 0.092208 0.093966 0.095708 0.097433 0.099140 0.100829 0.102500 0.104151 0.105784 0.107396 0.108989 0.110562 0.112115 0.113648 0.115161 0.116653 0.118126 0.119578 0.121010 0.122423 0.123815 0.125188 0.126542 0.127876 0.129191 0.130486 0.131763 0.133022 0.134261
0.045879 0.047479 0.049061 0.050633 0.052207 0.053789 0.055382 0.056988 0.058607 0.060238 0.061880 0.063531 0.065189 0.066852 0.068519 0.070186 0.071854 0.073519 0.075180 0.076835 0.078484 0.080125 0.081757 0.083379 0.084989 0.086588 0.088174 0.089747 0.091306 0.092850 0.094380 0.095895 0.097394 0.098877 0.100344 0.101795 0.103230 0.104648 0.106050 0.107435 0.108803 0.110154 0.111489 0.112807 0.114109 0.115393 0.116662 0.117913 0.119149 0.120368
0.038880 0.040268 0.041643 0.043013 0.044387 0.045769 0.047164 0.048572 0.049996 0.051434 0.052887 0.054352 0.055829 0.057316 0.058811 0.060312 0.061818 0.063327 0.064837 0.066348 0.067857 0.069363 0.070866 0.072364 0.073855 0.075340 0.076817 0.078286 0.079745 0.081195 0.082634 0.084062 0.085478 0.086883 0.088276 0.089655 0.091023 0.092377 0.093718 0.095045 0.096359 0.097659 0.098945 0.100218 0.101476 0.102720 0.103951 0.105167 0.106369 0.107558
0.032827 0.034002 0.035184 0.036371 0.037565 0.038770 0.039988 0.041222 0.042472 0.043738 0.045020 0.046316 0.047627 0.048950 0.050285 0.051629 0.052982 0.054342 0.055707 0.057077 0.058449 0.059823 0.061197 0.062570 0.063942 0.065311 0.066676 0.068037 0.069393 0.070742 0.072085 0.073421 0.074749 0.076069 0.077380 0.078682 0.079975 0.081257 0.082530 0.083792 0.085043 0.086284 0.087513 0.088732 0.089939 0.091134 0.092318 0.093490 0.094650 0.095799
0.027543 0.028545 0.029557 0.030580 0.031617 0.032667 0.033732 0.034813 0.035910 0.037024 0.038154 0.039300 0.040460 0.041635 0.042822 0.044022 0.045232 0.046452 0.047680 0.048915 0.050155 0.051401 0.052650 0.053901 0.055155 0.056409 0.057662 0.058914 0.060165 0.061413 0.062658 0.063898 0.065134 0.066365 0.067591 0.068810 0.070023 0.071228 0.072427 0.073618 0.074801 0.075976 0.077142 0.078300 0.079448 0.080588 0.081718 0.082840 0.083951 0.085053
0.022925 0.023776 0.024645 0.025532 0.026434 0.027352 0.028285 0.029234 0.030199 0.031180 0.032176 0.033188 0.034215 0.035256 0.036311 0.037379 0.038458 0.039548 0.040648 0.041756 0.042873 0.043997 0.045126 0.046260 0.047399 0.048540 0.049684 0.050830 0.051976 0.053123 0.054268 0.055413 0.056556 0.057696 0.058834 0.059968 0.061098 0.062223 0.063344 0.064460 0.065571 0.066676 0.067774 0.068866 0.069952 0.071031 0.072102 0.073167 0.074224 0.075273
0.018861 0.019596 0.020353 0.021128 0.021920 0.022728 0.023550 0.024387 0.025238 0.026104 0.026985 0.027880 0.028789 0.029711 0.030647 0.031595 0.032556 0.033527 0.034510 0.035502 0.036503 0.037512 0.038528 0.039551 0.040580 0.041614 0.042653 0.043695 0.044740 0.045787 0.046835 0.047885 0.048935 0.049985 0.051034 0.052082 0.053128 0.054173 0.055214 0.056253 0.057289 0.058321 0.059348 0.060372 0.061391 0.062406 0.063415 0.064419 0.065417 0.066410
0.015278 0.015927 0.016602 0.017292 0.017996 0.018713 0.019443 0.020186 0.020941 0.021708 0.022489 0.023282 0.024087 0.024905 0.025735 0.026577 0.027431 0.028295 0.029170 0.030055 0.030950 0.031853 0.032765 0.033684 0.034610 0.035542 0.036480 0.037423 0.038370 0.039322 0.040276 0.041233 0.042193 0.043154 0.044116 0.045079 0.046042 0.047005 0.047967 0.048928 0.049888 0.050846 0.051801 0.052755 0.053706 0.054653 0.055598 0.056539 0.057476 0.058409
0.012101 0.012716 0.013334 0.013961 0.014596 0.015241 0.015895 0.016558 0.017231 0.017915 0.018608 0.019313 0.020028 0.020754 0.021490 0.022237 0.022995 0.023764 0.024542 0.025330 0.026127 0.026933 0.027748 0.028571 0.029401 0.030238 0.031082 0.031931 0.032786 0.033646 0.034511 0.035379 0.036251 0.037126 0.038004 0.038884 0.039765 0.040648 0.041532 0.042416 0.043300 0.044185 0.045068 0.045951 0.046833 0.047713 0.048592 0.049468 0.050343 0.051214
0.009351 0.009932 0.010509 0.011087 0.011668 0.012254 0.012844 0.013441 0.014044 0.014655 0.015274 0.015901 0.016537 0.017182 0.017836 0.018499 0.019172 0.019853 0.020545 0.021245 0.021954 0.022672 0.023398 0.024132 0.024874 0.025623 0.026378 0.027141 0.027909 0.028684 0.029463 0.030247 0.031036 0.031829 0.032626 0.033426 0.034228 0.035033 0.035841 0.036650 0.037460 0.038272 0.039085 0.039898 0.040711 0.041524 0.042337 0.043149 0.043960 0.044770
0.006997 0.007552 0.008096 0.008635 0.009170 0.009705 0.010241 0.010780 0.011323 0.011871 0.012424 0.012983 0.013549 0.014122 0.014703 0.015292 0.015888 0.016493 0.017106 0.017727 0.018357 0.018994 0.019640 0.020293 0.020954 0.021622 0.022297 0.022978 0.023666 0.024360 0.025060 0.025766 0.026476 0.027191 0.027911 0.028635 0.029362 0.030093 0.030827 0.031564 0.032303 0.033044 0.033787 0.034532 0.035278 0.036025 0.036773 0.037521 0.038270 0.039019
0.005035 0.005561 0.006071 0.006572 0.007065 0.007555 0.008042 0.008530 0.009018 0.009510 0.010004 0.010503 0.011007 0.011516 0.012032 0.012554 0.013082 0.013618 0.014161 0.014711 0.015269 0.015834 0.016406 0.016986 0.017573 0.018167 0.018767 0.019375 0.019989 0.020609 0.021235 0.021866 0.022504 0.023146 0.023793 0.024445 0.025102 0.025762 0.026426 0.027094 0.027765 0.028438 0.029115 0.029794 0.030475 0.031158 0.031843 0.032529 0.033216 0.033905
0.003452 0.003939 0.004410 0.004870 0.005322 0.005767 0.006208 0.006647 0.007086 0.007525 0.007967 0.008411 0.008859 0.009311 0.009767 0.010229 0.010697 0.011171 0.011651 0.012137 0.012630 0.013130 0.013636 0.014149 0.014669 0.015195 0.015728 0.016268 0.016813 0.017365 0.017923 0.018487 0.019056 0.019631 0.020211 0.020796 0.021385 0.021979 0.022578 0.023180 0.023786 0.024396 0.025009 0.025625 0.026244 0.026866 0.027490 0.028116 0.028744 0.029374
0.002226 0.002659 0.003085 0.003501 0.003907 0.004307 0.004702 0.005094 0.005485 0.005876 0.006268 0.006661 0.007058 0.007457 0.007861 0.008269 0.008681 0.009099 0.009522 0.009951 0.010386 0.010826 0.011273 0.011726 0.012185 0.012650 0.013122 0.013599 0.014083 0.014572 0.015068 0.015569 0.016076 0.016588 0.017106 0.017628 0.018156 0.018688 0.019225 0.019766 0.020311 0.020861 0.021414 0.021970 0.022530 0.023093 0.023660 0.024228 0.024800 0.025374
0.001305 0.001691 0.002065 0.002430 0.002788 0.003140 0.003488 0.003833 0.004178 0.004522 0.004867 0.005214 0.005562 0.005914 0.006269 0.006627 0.006990 0.007357 0.007728 0.008105 0.008487 0.008875 0.009267 0.009666 0.010070 0.010480 0.010896 0.011317 0.011744 0.012177 0.012616 0.013060 0.013509 0.013964 0.014424 0.014889 0.015360 0.015835 0.016314 0.016799 0.017287 0.017780 0.018277 0.018778 0.019282 0.019790 0.020302 0.020816 0.021334 0.021854
0.000669 0.000997 0.001313 0.001623 0.001928 0.002230 0.002530 0.002829 0.003127 0.003427 0.003727 0.004029 0.004333 0.004640 0.004950 0.005263 0.005580 0.005901 0.006226 0.006556 0.006891 0.007230 0.007574 0.007924 0.008278 0.008638 0.009003 0.009374 0.009750 0.010131 0.010518 0.010910 0.011308 0.011710 0.012118 0.012530 0.012948 0.013370 0.013797 0.014229 0.014665 0.015106 0.015550 0.015999 0.016452 0.016908 0.017368 0.017831 0.018298 0.018768
0.000276 0.000535 0.000787 0.001038 0.001289 0.001540 0.001792 0.002044 0.002299 0.002555 0.002812 0.003072 0.003335 0.003600 0.003869 0.004140 0.004416 0.004694 0.004977 0.005265 0.005556 0.005852 0.006152 0.006457 0.006767 0.007082 0.007402 0.007727 0.008057 0.008392 0.008731 0.009076 0.009426 0.009781 0.010141 0.010506 0.010875 0.011249 0.011628 0.012011 0.012399 0.012791 0.013188 0.013588 0.013993 0.014401 0.014814 0.015230 0.015649 0.016072
0.000074 0.000256 0.000443 0.000635 0.000832 0.001033 0.001238 0.001446 0.001658 0.001873 0.002090 0.002311 0.002534 0.002761 0.002991 0.003225 0.003462 0.003702 0.003947 0.004195 0.004448 0.004705 0.004965 0.005231 0.005501 0.005775 0.006054 0.006337 0.006625 0.006918 0.007216 0.007518 0.007825 0.008137 0.008454 0.008775 0.009101 0.009431 0.009766 0.010105 0.010449 0.010796 0.011148 0.011505 0.011865 0.012229 0.012597 0.012969 0.013344 0.013723
0.000000 0.000109 0.000234 0.000371 0.000518 0.000673 0.000835 0.001001 0.001173 0.001349 0.001529 0.001713 0.001901 0.002092 0.002287 0.002486 0.002688 0.002894 0.003104 0.003317 0.003535 0.003756 0.003981 0.004211 0.004444 0.004682 0.004924 0.005171 0.005422 0.005677 0.005936 0.006200 0.006469 0.006742 0.007019 0.007301 0.007587 0.007878 0.008172 0.008471 0.008775 0.009082 0.009394 0.009710 0.010029 0.010353 0.010680 0.011011 0.011346 0.011684
0.000000 0.000043 0.000117 0.000209 0.000313 0.000427 0.000550 0.000679 0.000815 0.000956 0.001102 0.001253 0.001408 0.001567 0.001730 0.001896 0.002067 0.002242 0.002420 0.002602 0.002787 0.002977 0.003170 0.003367 0.003569 0.003774 0.003983 0.004196 0.004414 0.004635 0.004861 0.005090 0.005324 0.005562 0.005804 0.006051 0.006301 0.006556 0.006814 0.007077 0.007344 0.007615 0.007890 0.008168 0.008451 0.008737 0.009027 0.009321 0.009619 0.009920
0.000000 0.000018 0.000058 0.000115 0.000185 0.000265 0.000355 0.000452 0.000556 0.000666 0.000782 0.000903 0.001029 0.001159 0.001293 0.001432 0.001574 0.001720 0.001870 0.002023 0.002181 0.002342 0.002507 0.002675 0.002847 0.003023 0.003203 0.003387 0.003574 0.003765 0.003960 0.004159 0.004362 0.004569 0.004779 0.004994 0.005212 0.005435 0.005661 0.005891 0.006125 0.006362 0.006604 0.006849 0.007098 0.007351 0.007607 0.007867 0.008131 0.008398
0.000000 0.000010 0.000030 0.000063 0.000108 0.000162 0.000225 0.000296 0.000374 0.000458 0.000548 0.000643 0.000743 0.000847 0.000956 0.001069 0.001186 0.001307 0.001432 0.001561 0.001693 0.001828 0.001968 0.002111 0.002257 0.002407 0.002560 0.002718 0.002878 0.003043 0.003210 0.003382 0.003557 0.003736 0.003918 0.004104 0.004294 0.004488 0.004685 0.004885 0.005090 0.005298 0.005509 0.005724 0.005943 0.006165 0.006391 0.006620 0.006852 0.007088
0.000000 0.000007 0.000018 0.000037 0.000064 0.000099 0.000142 0.000192 0.000249 0.000311 0.000379 0.000452 0.000530 0.000613 0.000700 0.000791 0.000886 0.000985 0.001087 0.001193 0.001303 0.001417 0.001533 0.001653 0.001777 0.001904 0.002034 0.002168 0.002305 0.002445 0.002589 0.002736 0.002887 0.003041 0.003198 0.003359 0.003523 0.003691 0.003862 0.004036 0.004214 0.004395 0.004580 0.004768 0.004959 0.005154 0.005352 0.005553 0.005758 0.005966
0.000000 0.000005 0.000012 0.000023 0.000040 0.000062 0.000090 0.000125 0.000164 0.000210 0.000260 0.000315 0.000375 0.000439 0.000507 0.000579 0.000655 0.000735 0.000818 0.000905 0.000995 0.001089 0.001186 0.001286 0.001389 0.001496 0.001606 0.001719 0.001835 0.001954 0.002077 0.002202 0.002331 0.002463 0.002598 0.002736 0.002878 0.003022 0.003170 0.003321 0.003475 0.003633 0.003793 0.003957 0.004124 0.004294 0.004467 0.004644 0.004823 0.005006
0.000000 0.000004 0.000009 0.000016 0.000026 0.000040 0.000059 0.000081 0.000109 0.000141 0.000177 0.000218 0.000263 0.000312 0.000364 0.000420 0.000480 0.000544 0.000611 0.000681 0.000754 0.000831 0.000910 0.000993 0.001079 0.001168 0.001260 0.001354 0.001452 0.001553 0.001656 0.001763 0.001872 0.001985 0.002100 0.002219 0.002340 0.002464 0.002592 0.002722 0.002855 0.002991 0.003130 0.003273 0.003418 0.003566 0.003717 0.003871 0.004028 0.004188
0.000000 0.000004 0.000008 0.000012 0.000019 0.000028 0.000039 0.000054 0.000073 0.000095 0.000121 0.000150 0.000183 0.000220 0.000260 0.000303 0.000350 0.000399 0.000452 0.000508 0.000567 0.000629 0.000694 0.000761 0.000832 0.000905 0.000981 0.001060 0.001142 0.001226 0.001314 0.001404 0.001496 0.001592 0.001690 0.001790 0.001894 0.002000 0.002110 0.002221 0.002336 0.002454 0.002574 0.002697 0.002823 0.002951 0.003083 0.003217 0.003354 0.003493
0.000000 0.000003 0.000006 0.000010 0.000014 0.000020 0.000028 0.000037 0.000050 0.000065 0.000083 0.000104 0.000128 0.000155 0.000184 0.000217 0.000253 0.000291 0.000332 0.000377 0.000423 0.000473 0.000525 0.000580 0.000637 0.000697 0.000760 0.000825 0.000893 0.000963 0.001036 0.001111 0.001189 0.001269 0.001352 0.001438 0.001526 0.001617 0.001710 0.001805 0.001904 0.002005 0.002108 0.002214 0.002323 0.002434 0.002548 0.002665 0.002784 0.002906
0.000000 0.000003 0.000005 0.000008 0.000011 0.000015 0.000020 0.000027 0.000035 0.000045 0.000058 0.000072 0.000089 0.000109 0.000131 0.000155 0.000182 0.000211 0.000243 0.000277 0.000314 0.000353 0.000395 0.000439 0.000485 0.000534 0.000585 0.000638 0.000694 0.000752 0.000812 0.000875 0.000940 0.001007 0.001077 0.001149 0.001224 0.001301 0.001380 0.001461 0.001545 0.001632 0.001720 0.001812 0.001905 0.002001 0.002100 0.002201 0.002304 0.002410
0.000000 0.000002 0.000004 0.000006 0.000009 0.000012 0.000015 0.000020 0.000025 0.000032 0.000041 0.000051 0.000063 0.000077 0.000093 0.000110 0.000130 0.000153 0.000177 0.000203 0.000232 0.000262 0.000295 0.000330 0.000367 0.000406 0.000447 0.000490 0.000536 0.000584 0.000633 0.000685 0.000739 0.000795 0.000854 0.000914 0.000977 0.001042 0.001109 0.001178 0.001250 0.001323 0.001399 0.001478 0.001558 0.001641 0.001726 0.001813 0.001903 0.001995
0.000000 0.000002 0.000003 0.000005 0.000007 0.000009 0.000012 0.000015 0.000019 0.000024 0.000029 0.000036 0.000045 0.000054 0.000066 0.000079 0.000094 0.000110 0.000128 0.000148 0.000170 0.000194 0.000219 0.000246 0.000276 0.000307 0.000340 0.000375 0.000412 0.000451 0.000491 0.000534 0.000579 0.000625 0.000674 0.000724 0.000777 0.000831 0.000888 0.000947 0.001007 0.001070 0.001135 0.001202 0.001271 0.001342 0.001415 0.001491 0.001568 0.001648
0.000000 0.000001 0.000003 0.000004 0.000006 0.000007 0.000009 0.000012 0.000014 0.000018 0.000021 0.000026 0.000032 0.000039 0.000047 0.000056 0.000067 0.000079 0.000093 0.000108 0.000124 0.000142 0.000162 0.000183 0.000206 0.000231 0.000257 0.000285 0.000315 0.000346 0.000380 0.000415 0.000451 0.000490 0.000530 0.000572 0.000616 0.000662 0.000709 0.000759 0.000810 0.000864 0.000919 0.000976 0.001036 0.001097 0.001160 0.001225 0.001292 0.001362
0.000000 0.000001 0.000002 0.000003 0.000005 0.000006 0.000007 0.000009 0.000011 0.000013 0.000016 0.000019 0.000023 0.000028 0.000034 0.000041 0.000048 0.000057 0.000067 0.000078 0.000091 0.000105 0.000120 0.000136 0.000154 0.000173 0.000194 0.000216 0.000240 0.000266 0.000292 0.000321 0.000351 0.000383 0.000416 0.000451 0.000488 0.000526 0.000566 0.000608 0.000652 0.000697 0.000744 0.000793 0.000844 0.000897 0.000952 0.001008 0.001067 0.001127
0.000000 0.000001 0.000002 0.000003 0.000004 0.000005 0.000006 0.000007 0.000008 0.000010 0.000012 0.000014 0.000017 0.000021 0.000025 0.000030 0.000035 0.000042 0.000049 0.000057 0.000067 0.000077 0.000088 0.000101 0.000115 0.000130 0.000147 0.000164 0.000183 0.000204 0.000225 0.000249 0.000273 0.000299 0.000327 0.000356 0.000387 0.000419 0.000453 0.000489 0.000526 0.000565 0.000605 0.000647 0.000691 0.000737 0.000784 0.000834 0.000885 0.000937
0.000000 0.000001 0.000001 0.000002 0.000003 0.000004 0.000004 0.000005 0.000006 0.000008 0.000009 0.000011 0.000013 0.000015 0.000018 0.000022 0.000026 0.000030 0.000036 0.000042 0.000049 0.000057 0.000066 0.000076 0.000086 0.000098 0.000111 0.000125 0.000141 0.000157 0.000175 0.000194 0.000214 0.000236 0.000259 0.000283 0.000309 0.000337 0.000365 0.000396 0.000428 0.000461 0.000496 0.000533 0.000571 0.000611 0.000652 0.000696 0.000741 0.000788
0.000000 0.000000 0.000001 0.000001 0.000002 0.000003 0.000003 0.000004 0.000005 0.000006 0.000007 0.000008 0.000010 0.000012 0.000014 0.000016 0.000019 0.000023 0.000027 0.000031 0.000037 0.000043 0.000050 0.000057 0.000066 0.000075 0.000086 0.000097 0.000109 0.000123 0.000138 0.000153 0.000170 0.000189 0.000208 0.000229 0.000251 0.000275 0.000299 0.000326 0.000354 0.000383 0.000413 0.000446 0.000480 0.000515 0.000552 0.000591 0.000631 0.000673
0.000000 0.000000 0.000001 0.000001 0.000001 0.000002 0.000003 0.000003 0.000004 0.000005 0.000006 0.000007 0.000008 0.000009 0.000011 0.000013 0.000015 0.000018 0.000021 0.000024 0.000028 0.000033 0.000039 0.000045 0.000052 0.000059 0.000068 0.000077 0.000088 0.000099 0.000111 0.000125 0.000139 0.000155 0.000172 0.000190 0.000210 0.000230 0.000252 0.000276 0.000300 0.000327 0.000354 0.000383 0.000414 0.000446 0.000479 0.000515 0.000551 0.000590
0.000000 0.000000 0.000000 0.000001 0.000001 0.000001 0.000002 0.000002 0.000003 0.000004 0.000005 0.000005 0.000006 0.000008 0.000009 0.000010 0.000012 0.000014 0.000017 0.000020 0.000023 0.000027 0.000032 0.000037 0.000043 0.000049 0.000057 0.000065 0.000074 0.000084 0.000095 0.000107 0.000120 0.000134 0.000149 0.000166 0.000183 0.000202 0.000222 0.000243 0.000266 0.000290 0.000316 0.000343 0.000371 0.000401 0.000432 0.000465 0.000500 0.000536
0.000000 0.000000 0.000000 0.000001 0.000001 0.000001 0.000002 0.000002 0.000003 0.000003 0.000004 0.000005 0.000006 0.000007 0.000008 0.000009 0.000011 0.000013 0.000015 0.000018 0.000021 0.000024 0.000029 0.000033 0.000039 0.000045 0.000051 0.000059 0.000067 0.000077 0.000087 0.000098 0.000110 0.000124 0.000138 0.000153 0.000170 0.000188 0.000207 0.000228 0.000249 0.000273 0.000297 0.000323 0.000350 0.000379 0.000409 0.000441 0.000474 0.000509
