0.100000 0.099932 0.099801 0.099646 0.099478 0.099301 0.099116 0.098927 0.098733 0.098536 0.098336 0.098134 0.097930 0.097724 0.097517 0.097308 0.097099 0.096888 0.096677 0.096465 0.096253 0.096040 0.095827 0.095613 0.095399 0.095185 0.094971 0.094757 0.094543 0.094329 0.094115 0.093901 0.093687 0.093474 0.093260 0.093047 0.092834 0.092621 0.092409 0.092196 0.091985 0.091773 0.091562 0.091351 0.091140 0.090930 0.090720 0.090511 0.090302 0.090093
0.100000 0.099903 0.099771 0.099617 0.099449 0.099272 0.099089 0.098900 0.098706 0.098510 0.098310 0.098108 0.097904 0.097699 0.097492 0.097283 0.097074 0.096864 0.096653 0.096441 0.096229 0.096016 0.095803 0.095590 0.095376 0.095162 0.094948 0.094735 0.094521 0.094307 0.094093 0.093879 0.093665 0.093452 0.093238 0.093025 0.092812 0.092600 0.092387 0.092175 0.091963 0.091752 0.091541 0.091330 0.091120 0.090909 0.090700 0.090491 0.090282 0.090073
0.100000 0.099865 0.099723 0.099566 0.099398 0.099221 0.099037 0.098849 0.098656 0.098459 0.098260 0.098058 0.097855 0.097650 0.097443 0.097235 0.097026 0.096816 0.096605 0.096394 0.096182 0.095969 0.095757 0.095544 0.095330 0.095117 0.094903 0.094689 0.094476 0.094262 0.094048 0.093835 0.093621 0.093408 0.093195 0.092982 0.092769 0.092557 0.092345 0.092133 0.091921 0.091710 0.091499 0.091289 0.091078 0.090869 0.090659 0.090450 0.090242 0.090033
0.100000 0.099833 0.099673 0.099507 0.099334 0.099154 0.098969 0.098779 0.098586 0.098389 0.098190 0.097988 0.097785 0.097580 0.097373 0.097165 0.096957 0.096747 0.096536 0.096325 0.096114 0.095902 0.095689 0.095476 0.095263 0.095050 0.094837 0.094624 0.094410 0.094197 0.093983 0.093770 0.093557 0.093344 0.093131 0.092919 0.092706 0.092494 0.092282 0.092071 0.091860 0.091649 0.091438 0.091228 0.091018 0.090808 0.090599 0.090390 0.090182 0.089974
0.100000 0.099810 0.099628 0.099449 0.099267 0.099081 0.098892 0.098700 0.098504 0.098306 0.098106 0.097903 0.097699 0.097494 0.097287 0.097079 0.096870 0.096660 0.096450 0.096239 0.096027 0.095816 0.095603 0.095391 0.095178 0.094965 0.094752 0.094539 0.094326 0.094113 0.093900 0.093687 0.093474 0.093262 0.093049 0.092837 0.092625 0.092413 0.092202 0.091990 0.091780 0.091569 0.091359 0.091149 0.090939 0.090730 0.090521 0.090313 0.090105 0.089897
0.100000 0.099792 0.099593 0.099398 0.099204 0.099010 0.098814 0.098617 0.098418 0.098217 0.098014 0.097810 0.097604 0.097397 0.097190 0.096981 0.096771 0.096561 0.096351 0.096139 0.095928 0.095716 0.095503 0.095291 0.095078 0.094866 0.094653 0.094440 0.094227 0.094014 0.093801 0.093589 0.093376 0.093164 0.092952 0.092740 0.092528 0.092317 0.092106 0.091895 0.091684 0.091474 0.091264 0.091054 0.090845 0.090636 0.090428 0.090220 0.090012 0.089805
0.100000 0.099779 0.099565 0.099355 0.099149 0.098945 0.098741 0.098537 0.098333 0.098127 0.097921 0.097714 0.097506 0.097297 0.097088 0.096877 0.096667 0.096456 0.096244 0.096032 0.095820 0.095608 0.095395 0.095182 0.094970 0.094757 0.094544 0.094331 0.094118 0.093905 0.093693 0.093480 0.093268 0.093056 0.092844 0.092632 0.092421 0.092209 0.091999 0.091788 0.091578 0.091368 0.091158 0.090949 0.090740 0.090532 0.090324 0.090116 0.089909 0.089702
0.100000 0.099769 0.099543 0.099322 0.099105 0.098890 0.098678 0.098466 0.098255 0.098044 0.097833 0.097622 0.097411 0.097199 0.096987 0.096775 0.096562 0.096350 0.096137 0.095924 0.095711 0.095497 0.095284 0.095071 0.094857 0.094644 0.094431 0.094218 0.094005 0.093792 0.093579 0.093366 0.093154 0.092942 0.092730 0.092519 0.092307 0.092096 0.091885 0.091675 0.091465 0.091255 0.091046 0.090837 0.090628 0.090420 0.090212 0.090005 0.089798 0.089592
0.100000 0.099762 0.099527 0.099296 0.099069 0.098846 0.098625 0.098406 0.098188 0.097971 0.097755 0.097539 0.097324 0.097108 0.096893 0.096679 0.096464 0.096249 0.096034 0.095819 0.095605 0.095390 0.095176 0.094962 0.094747 0.094533 0.094319 0.094106 0.093892 0.093679 0.093466 0.093253 0.093040 0.092828 0.092616 0.092405 0.092193 0.091982 0.091771 0.091561 0.091351 0.091142 0.090932 0.090724 0.090515 0.090307 0.090100 0.089893 0.089686 0.089480
0.100000 0.099756 0.099515 0.099277 0.099042 0.098811 0.098583 0.098357 0.098132 0.097910 0.097688 0.097468 0.097248 0.097029 0.096810 0.096592 0.096375 0.096157 0.095940 0.095724 0.095507 0.095291 0.095075 0.094860 0.094644 0.094429 0.094214 0.094000 0.093786 0.093572 0.093358 0.093145 0.092932 0.092719 0.092507 0.092295 0.092083 0.091872 0.091661 0.091451 0.091241 0.091031 0.090822 0.090613 0.090405 0.090197 0.089990 0.089783 0.089577 0.089371
0.100000 0.099752 0.099506 0.099263 0.099023 0.098786 0.098551 0.098319 0.098089 0.097861 0.097634 0.097409 0.097185 0.096962 0.096740 0.096519 0.096298 0.096078 0.095858 0.095639 0.095421 0.095203 0.094985 0.094768 0.094551 0.094335 0.094119 0.093903 0.093688 0.093474 0.093259 0.093045 0.092832 0.092618 0.092406 0.092193 0.091981 0.091770 0.091559 0.091348 0.091138 0.090929 0.090719 0.090511 0.090302 0.090095 0.089887 0.089681 0.089474 0.089269
0.100000 0.099749 0.099500 0.099253 0.099009 0.098767 0.098528 0.098291 0.098056 0.097824 0.097593 0.097363 0.097135 0.096909 0.096683 0.096458 0.096235 0.096012 0.095790 0.095569 0.095348 0.095128 0.094908 0.094690 0.094471 0.094253 0.094036 0.093819 0.093603 0.093387 0.093172 0.092957 0.092743 0.092529 0.092316 0.092103 0.091891 0.091679 0.091467 0.091256 0.091046 0.090836 0.090627 0.090418 0.090210 0.090002 0.089795 0.089588 0.089382 0.089176
0.100000 0.099747 0.099496 0.099247 0.099000 0.098755 0.098513 0.098272 0.098034 0.097797 0.097562 0.097329 0.097098 0.096868 0.096639 0.096412 0.096185 0.095960 0.095735 0.095511 0.095289 0.095066 0.094845 0.094625 0.094405 0.094185 0.093967 0.093749 0.093531 0.093314 0.093098 0.092882 0.092667 0.092453 0.092239 0.092025 0.091812 0.091600 0.091388 0.091177 0.090966 0.090756 0.090547 0.090338 0.090129 0.089922 0.089714 0.089508 0.089302 0.089096
0.100000 0.099746 0.099494 0.099244 0.098995 0.098748 0.098503 0.098260 0.098019 0.097780 0.097542 0.097306 0.097072 0.096839 0.096607 0.096377 0.096148 0.095920 0.095693 0.095468 0.095243 0.095019 0.094796 0.094573 0.094352 0.094131 0.093911 0.093692 0.093473 0.093255 0.093038 0.092821 0.092605 0.092390 0.092175 0.091961 0.091748 0.091535 0.091322 0.091111 0.090900 0.090690 0.090480 0.090271 0.090062 0.089855 0.089647 0.089441 0.089235 0.089030
0.100000 0.099746 0.099493 0.099242 0.098993 0.098745 0.098499 0.098254 0.098011 0.097770 0.097530 0.097292 0.097055 0.096820 0.096586 0.096354 0.096123 0.095893 0.095664 0.095436 0.095210 0.094984 0.094759 0.094535 0.094312 0.094090 0.093869 0.093648 0.093428 0.093209 0.092991 0.092774 0.092557 0.092341 0.092125 0.091911 0.091697 0.091483 0.091271 0.091059 0.090847 0.090637 0.090427 0.090218 0.090009 0.089802 0.089595 0.089388 0.089183 0.088978
0.100000 0.099746 0.099494 0.099243 0.098993 0.098745 0.098498 0.098252 0.098008 0.097766 0.097525 0.097285 0.097047 0.096810 0.096575 0.096341 0.096108 0.095876 0.095646 0.095416 0.095188 0.094961 0.094735 0.094509 0.094285 0.094062 0.093839 0.093617 0.093397 0.093177 0.092957 0.092739 0.092522 0.092305 0.092089 0.091873 0.091659 0.091445 0.091232 0.091020 0.090809 0.090598 0.090388 0.090179 0.089970 0.089763 0.089556 0.089350 0.089145 0.088940
0.100000 0.099747 0.099495 0.099245 0.098996 0.098747 0.098500 0.098255 0.098010 0.097767 0.097525 0.097284 0.097045 0.096807 0.096571 0.096335 0.096101 0.095868 0.095636 0.095406 0.095176 0.094948 0.094720 0.094494 0.094268 0.094044 0.093820 0.093598 0.093376 0.093155 0.092936 0.092716 0.092498 0.092281 0.092064 0.091849 0.091634 0.091420 0.091207 0.090994 0.090783 0.090572 0.090362 0.090153 0.089945 0.089737 0.089531 0.089325 0.089121 0.088917
0.100000 0.099748 0.099498 0.099248 0.098999 0.098752 0.098505 0.098259 0.098015 0.097771 0.097529 0.097288 0.097048 0.096810 0.096572 0.096336 0.096101 0.095867 0.095634 0.095403 0.095172 0.094943 0.094715 0.094487 0.094261 0.094036 0.093811 0.093588 0.093366 0.093144 0.092924 0.092704 0.092485 0.092268 0.092051 0.091835 0.091620 0.091405 0.091192 0.090980 0.090768 0.090558 0.090348 0.090139 0.089931 0.089724 0.089519 0.089314 0.089110 0.088907
0.100000 0.099750 0.099500 0.099252 0.099004 0.098757 0.098511 0.098265 0.098021 0.097778 0.097536 0.097295 0.097054 0.096816 0.096578 0.096341 0.096105 0.095871 0.095638 0.095405 0.095174 0.094944 0.094715 0.094487 0.094260 0.094034 0.093810 0.093586 0.093363 0.093141 0.092920 0.092700 0.092481 0.092263 0.092046 0.091830 0.091615 0.091400 0.091187 0.090975 0.090764 0.090553 0.090344 0.090136 0.089929 0.089722 0.089517 0.089313 0.089110 0.088908
0.100000 0.099751 0.099503 0.099255 0.099008 0.098762 0.098516 0.098272 0.098028 0.097785 0.097543 0.097302 0.097062 0.096823 0.096585 0.096348 0.096113 0.095878 0.095644 0.095411 0.095180 0.094949 0.094720 0.094492 0.094264 0.094038 0.093813 0.093589 0.093365 0.093143 0.092922 0.092702 0.092483 0.092265 0.092048 0.091832 0.091617 0.091403 0.091190 0.090978 0.090767 0.090557 0.090349 0.090141 0.089935 0.089729 0.089525 0.089323 0.089121 0.088921
0.100000 0.099752 0.099505 0.099258 0.099012 0.098767 0.098522 0.098278 0.098034 0.097792 0.097550 0.097310 0.097070 0.096831 0.096593 0.096356 0.096121 0.095886 0.095652 0.095419 0.095187 0.094957 0.094727 0.094499 0.094271 0.094045 0.093819 0.093595 0.093372 0.093149 0.092928 0.092708 0.092489 0.092271 0.092054 0.091838 0.091624 0.091410 0.091198 0.090986 0.090776 0.090567 0.090360 0.090153 0.089948 0.089744 0.089542 0.089340 0.089141 0.088942
0.100000 0.099753 0.099507 0.099260 0.099015 0.098770 0.098526 0.098282 0.098040 0.097798 0.097557 0.097316 0.097077 0.096838 0.096601 0.096364 0.096128 0.095894 0.095660 0.095427 0.095195 0.094965 0.094735 0.094507 0.094279 0.094053 0.093827 0.093603 0.093380 0.093158 0.092937 0.092717 0.092498 0.092280 0.092064 0.091849 0.091635 0.091422 0.091210 0.091000 0.090791 0.090583 0.090377 0.090172 0.089968 0.089766 0.089565 0.089366 0.089168 0.088972
0.100000 0.099753 0.099507 0.099262 0.099017 0.098773 0.098529 0.098286 0.098044 0.097802 0.097561 0.097322 0.097083 0.096844 0.096607 0.096371 0.096135 0.095901 0.095667 0.095435 0.095203 0.094973 0.094743 0.094515 0.094288 0.094061 0.093836 0.093612 0.093389 0.093167 0.092947 0.092728 0.092509 0.092292 0.092077 0.091862 0.091649 0.091437 0.091227 0.091018 0.090810 0.090604 0.090400 0.090196 0.089995 0.089795 0.089597 0.089400 0.089205 0.089012
0.100000 0.099754 0.099508 0.099263 0.099018 0.098774 0.098531 0.098288 0.098046 0.097805 0.097565 0.097326 0.097087 0.096849 0.096612 0.096376 0.096141 0.095907 0.095674 0.095442 0.095210 0.094980 0.094751 0.094523 0.094296 0.094070 0.093846 0.093622 0.093400 0.093179 0.092959 0.092740 0.092523 0.092307 0.092092 0.091879 0.091667 0.091457 0.091248 0.091041 0.090835 0.090631 0.090429 0.090228 0.090029 0.089832 0.089637 0.089444 0.089252 0.089063
0.100000 0.099754 0.099508 0.099263 0.099018 0.098775 0.098532 0.098290 0.098048 0.097807 0.097568 0.097328 0.097090 0.096853 0.096616 0.096381 0.096146 0.095912 0.095680 0.095448 0.095217 0.094987 0.094759 0.094531 0.094305 0.094080 0.093856 0.093633 0.093411 0.093191 0.092972 0.092755 0.092539 0.092324 0.092111 0.091899 0.091689 0.091481 0.091274 0.091069 0.090866 0.090665 0.090466 0.090268 0.090073 0.089880 0.089688 0.089499 0.089312 0.089128
0.100000 0.099753 0.099508 0.099263 0.099018 0.098775 0.098532 0.098290 0.098049 0.097809 0.097569 0.097331 0.097093 0.096856 0.096620 0.096385 0.096150 0.095917 0.095685 0.095454 0.095224 0.094995 0.094767 0.094540 0.094315 0.094090 0.093867 0.093645 0.093425 0.093206 0.092989 0.092773 0.092558 0.092345 0.092134 0.091925 0.091717 0.091512 0.091308 0.091106 0.090906 0.090709 0.090513 0.090320 0.090129 0.089940 0.089754 0.089570 0.089389 0.089210
0.100000 0.099753 0.099507 0.099262 0.099018 0.098775 0.098532 0.098291 0.098050 0.097810 0.097571 0.097332 0.097095 0.096858 0.096623 0.096388 0.096155 0.095922 0.095691 0.095460 0.095231 0.095003 0.094776 0.094550 0.094326 0.094102 0.093881 0.093660 0.093442 0.093224 0.093009 0.092795 0.092583 0.092372 0.092164 0.091957 0.091753 0.091551 0.091351 0.091153 0.090957 0.090764 0.090574 0.090386 0.090200 0.090017 0.089837 0.089660 0.089486 0.089314
0.100000 0.099753 0.099507 0.099262 0.099018 0.098775 0.098533 0.098291 0.098050 0.097811 0.097572 0.097334 0.097097 0.096861 0.096626 0.096393 0.096160 0.095928 0.095697 0.095468 0.095239 0.095012 0.094786 0.094562 0.094339 0.094117 0.093897 0.093679 0.093462 0.093247 0.093034 0.092823 0.092614 0.092407 0.092202 0.091999 0.091799 0.091601 0.091406 0.091213 0.091023 0.090836 0.090652 0.090470 0.090292 0.090116 0.089944 0.089775 0.089609 0.089447
0.100000 0.099753 0.099507 0.099262 0.099018 0.098775 0.098533 0.098292 0.098052 0.097812 0.097574 0.097337 0.097100 0.096865 0.096631 0.096398 0.096165 0.095935 0.095705 0.095477 0.095249 0.095024 0.094800 0.094577 0.094356 0.094136 0.093919 0.093703 0.093489 0.093277 0.093067 0.092860 0.092654 0.092452 0.092251 0.092054 0.091859 0.091667 0.091477 0.091291 0.091108 0.090928 0.090752 0.090578 0.090409 0.090242 0.090080 0.089921 0.089766 0.089614
0.100000 0.099753 0.099507 0.099262 0.099019 0.098776 0.098534 0.098293 0.098053 0.097814 0.097576 0.097340 0.097104 0.096870 0.096636 0.096404 0.096173 0.095943 0.095715 0.095488 0.095263 0.095039 0.094817 0.094596 0.094377 0.094161 0.093946 0.093734 0.093523 0.093315 0.093110 0.092907 0.092707 0.092510 0.092315 0.092124 0.091936 0.091751 0.091570 0.091392 0.091218 0.091047 0.090880 0.090717 0.090558 0.090403 0.090252 0.090106 0.089963 0.089825
0.100000 0.099753 0.099508 0.099263 0.099019 0.098777 0.098535 0.098295 0.098056 0.097817 0.097580 0.097344 0.097109 0.096876 0.096643 0.096412 0.096183 0.095955 0.095728 0.095503 0.095280 0.095058 0.094839 0.094621 0.094406 0.094193 0.093982 0.093774 0.093569 0.093366 0.093166 0.092969 0.092776 0.092586 0.092399 0.092216 0.092036 0.091861 0.091689 0.091522 0.091358 0.091199 0.091045 0.090894 0.090749 0.090608 0.090471 0.090340 0.090213 0.090091
0.100000 0.099754 0.099508 0.099264 0.099021 0.098778 0.098538 0.098298 0.098059 0.097821 0.097585 0.097350 0.097116 0.096884 0.096653 0.096424 0.096196 0.095970 0.095746 0.095523 0.095303 0.095084 0.094868 0.094655 0.094444 0.094235 0.094030 0.093827 0.093628 0.093432 0.093240 0.093051 0.092866 0.092685 0.092508 0.092335 0.092167 0.092003 0.091843 0.091689 0.091539 0.091394 0.091255 0.091120 0.090991 0.090866 0.090748 0.090634 0.090526 0.090423
0.100000 0.099754 0.099509 0.099265 0.099022 0.098781 0.098541 0.098302 0.098064 0.097827 0.097592 0.097358 0.097126 0.096895 0.096666 0.096439 0.096214 0.095990 0.095769 0.095550 0.095333 0.095119 0.094908 0.094699 0.094494 0.094292 0.094093 0.093898 0.093707 0.093519 0.093336 0.093158 0.092983 0.092814 0.092649 0.092490 0.092335 0.092186 0.092042 0.091903 0.091770 0.091643 0.091522 0.091406 0.091296 0.091193 0.091095 0.091003 0.090918 0.090838
0.100000 0.099754 0.099510 0.099267 0.099025 0.098784 0.098545 0.098307 0.098070 0.097835 0.097601 0.097369 0.097139 0.096910 0.096684 0.096459 0.096237 0.096017 0.095800 0.095585 0.095373 0.095165 0.094960 0.094758 0.094560 0.094366 0.094176 0.093991 0.093810 0.093634 0.093463 0.093297 0.093137 0.092982 0.092833 0.092689 0.092552 0.092421 0.092296 0.092177 0.092065 0.091959 0.091860 0.091767 0.091681 0.091602 0.091530 0.091464 0.091405 0.091353
0.100000 0.099755 0.099512 0.099269 0.099028 0.098789 0.098550 0.098314 0.098079 0.097845 0.097614 0.097384 0.097156 0.096931 0.096707 0.096486 0.096268 0.096053 0.095841 0.095633 0.095428 0.095226 0.095029 0.094837 0.094648 0.094465 0.094287 0.094114 0.093947 0.093785 0.093629 0.093480 0.093337 0.093200 0.093070 0.092947 0.092831 0.092722 0.092620 0.092526 0.092439 0.092359 0.092287 0.092222 0.092164 0.092115 0.092072 0.092037 0.092010 0.091990
0.100000 0.099756 0.099514 0.099272 0.099033 0.098795 0.098558 0.098323 0.098090 0.097859 0.097630 0.097403 0.097179 0.096957 0.096739 0.096523 0.096311 0.096102 0.095897 0.095696 0.095500 0.095309 0.095122 0.094941 0.094766 0.094596 0.094433 0.094276 0.094126 0.093982 0.093846 0.093717 0.093596 0.093482 0.093377 0.093279 0.093189 0.093107 0.093034 0.092968 0.092911 0.092863 0.092823 0.092791 0.092767 0.092752 0.092745 0.092746 0.092756 0.092773
0.100000 0.099757 0.099516 0.099276 0.099039 0.098802 0.098568 0.098336 0.098105 0.097877 0.097652 0.097429 0.097210 0.096993 0.096781 0.096572 0.096367 0.096167 0.095972 0.095781 0.095597 0.095418 0.095246 0.095080 0.094921 0.094770 0.094626 0.094489 0.094361 0.094241 0.094129 0.094026 0.093932 0.093846 0.093770 0.093703 0.093645 0.093596 0.093557 0.093527 0.093506 0.093495 0.093493 0.093500 0.093517 0.093542 0.093577 0.093620 0.093672 0.093733
0.100000 0.099759 0.099519 0.099282 0.099046 0.098812 0.098581 0.098352 0.098125 0.097902 0.097681 0.097464 0.097251 0.097042 0.096837 0.096638 0.096443 0.096255 0.096072 0.095896 0.095727 0.095565 0.095411 0.095265 0.095128 0.094999 0.094879 0.094769 0.094668 0.094577 0.094496 0.094424 0.094364 0.094313 0.094273 0.094243 0.094224 0.094215 0.094217 0.094229 0.094251 0.094284 0.094327 0.094380 0.094443 0.094516 0.094599 0.094691 0.094792 0.094902
0.100000 0.099761 0.099524 0.099289 0.099056 0.098826 0.098598 0.098374 0.098152 0.097934 0.097721 0.097511 0.097307 0.097107 0.096914 0.096727 0.096546 0.096373 0.096207 0.096050 0.095901 0.095761 0.095631 0.095511 0.095401 0.095301 0.095212 0.095135 0.095068 0.095013 0.094970 0.094938 0.094918 0.094909 0.094913 0.094928 0.094955 0.094994 0.095045 0.095107 0.095180 0.095264 0.095360 0.095466 0.095584 0.095711 0.095849 0.095997 0.096154 0.096321
0.100000 0.099764 0.099530 0.099298 0.099069 0.098844 0.098621 0.098403 0.098188 0.097979 0.097774 0.097575 0.097382 0.097196 0.097018 0.096847 0.096685 0.096532 0.096389 0.096256 0.096134 0.096023 0.095923 0.095836 0.095760 0.095698 0.095648 0.095611 0.095587 0.095576 0.095579 0.095595 0.095625 0.095668 0.095724 0.095793 0.095875 0.095970 0.096078 0.096199 0.096331 0.096476 0.096632 0.096800 0.096979 0.097169 0.097370 0.097581 0.097802 0.098033
0.100000 0.099767 0.099537 0.099311 0.099087 0.098868 0.098652 0.098442 0.098237 0.098038 0.097846 0.097662 0.097485 0.097317 0.097159 0.097010 0.096873 0.096747 0.096634 0.096533 0.096445 0.096371 0.096310 0.096264 0.096233 0.096216 0.096215 0.096228 0.096257 0.096301 0.096360 0.096434 0.096523 0.096627 0.096745 0.096878 0.097025 0.097186 0.097361 0.097549 0.097751 0.097964 0.098191 0.098429 0.098679 0.098939 0.099211 0.099493 0.099786 0.100088
0.100000 0.099772 0.099548 0.099327 0.099111 0.098900 0.098695 0.098496 0.098304 0.098120 0.097945 0.097780 0.097625 0.097482 0.097351 0.097232 0.097128 0.097038 0.096962 0.096903 0.096859 0.096832 0.096821 0.096827 0.096851 0.096891 0.096949 0.097024 0.097117 0.097227 0.097353 0.097497 0.097656 0.097833 0.098025 0.098232 0.098455 0.098693 0.098945 0.099211 0.099491 0.099784 0.100089 0.100407 0.100736 0.101077 0.101428 0.101789 0.102161 0.102541
0.100000 0.099778 0.099561 0.099350 0.099144 0.098945 0.098753 0.098570 0.098396 0.098233 0.098082 0.097943 0.097818 0.097708 0.097613 0.097534 0.097472 0.097428 0.097403 0.097396 0.097408 0.097440 0.097492 0.097563 0.097654 0.097765 0.097896 0.098046 0.098215 0.098404 0.098611 0.098836 0.099080 0.099341 0.099618 0.099913 0.100223 0.100549 0.100889 0.101244 0.101613 0.101995 0.102389 0.102796 0.103214 0.103643 0.104082 0.104531 0.104989 0.105456
0.100000 0.099787 0.099580 0.099381 0.099189 0.099006 0.098834 0.098673 0.098524 0.098390 0.098271 0.098168 0.098083 0.098016 0.097969 0.097942 0.097936 0.097952 0.097990 0.098051 0.098134 0.098240 0.098368 0.098520 0.098694 0.098890 0.099108 0.099348 0.099610 0.099891 0.100193 0.100515 0.100856 0.101215 0.101591 0.101985 0.102395 0.102821 0.103262 0.103717 0.104185 0.104666 0.105160 0.105665 0.106180 0.106706 0.107242 0.107786 0.108338 0.108898
0.100000 0.099799 0.099607 0.099424 0.099252 0.099093 0.098947 0.098817 0.098703 0.098608 0.098532 0.098478 0.098446 0.098438 0.098453 0.098494 0.098560 0.098653 0.098771 0.098916 0.099087 0.099284 0.099508 0.099757 0.100031 0.100330 0.100653 0.100999 0.101368 0.101760 0.102172 0.102605 0.103058 0.103529 0.104019 0.104525 0.105048 0.105586 0.106138 0.106704 0.107283 0.107875 0.108477 0.109089 0.109712 0.110343 0.110982 0.111628 0.112282 0.112941
0.100000 0.099817 0.099645 0.099486 0.099342 0.099215 0.099107 0.099019 0.098953 0.098911 0.098895 0.098906 0.098945 0.099012 0.099109 0.099237 0.099395 0.099584 0.099803 0.100052 0.100332 0.100641 0.100979 0.101345 0.101739 0.102160 0.102606 0.103077 0.103572 0.104090 0.104630 0.105190 0.105770 0.106369 0.106985 0.107618 0.108266 0.108929 0.109605 0.110293 0.110993 0.111704 0.112424 0.113153 0.113890 0.114633 0.115383 0.116139 0.116899 0.117663
0.100000 0.099842 0.099699 0.099575 0.099471 0.099390 0.099333 0.099304 0.099304 0.099334 0.099397 0.099494 0.099625 0.099791 0.099993 0.100231 0.100505 0.100814 0.101157 0.101535 0.101947 0.102390 0.102866 0.103372 0.103907 0.104470 0.105060 0.105675 0.106315 0.106977 0.107661 0.108365 0.109088 0.109829 0.110586 0.111359 0.112145 0.112944 0.113755 0.114576 0.115407 0.116246 0.117092 0.117945 0.118803 0.119666 0.120532 0.121402 0.122273 0.123146
0.100000 0.099878 0.099778 0.099703 0.099655 0.099638 0.099654 0.099705 0.099794 0.099921 0.100089 0.100298 0.100549 0.100842 0.101177 0.101553 0.101970 0.102427 0.102923 0.103456 0.104025 0.104630 0.105267 0.105936 0.106636 0.107363 0.108118 0.108898 0.109701 0.110527 0.111372 0.112237 0.113119 0.114016 0.114928 0.115852 0.116789 0.117735 0.118690 0.119653 0.120623 0.121598 0.122577 0.123560 0.124545 0.125532 0.126519 0.127506 0.128491 0.129475
0.100000 0.099931 0.099893 0.099888 0.099920 0.099992 0.100108 0.100268 0.100476 0.100732 0.101038 0.101393 0.101797 0.102250 0.102751 0.103298 0.103891 0.104527 0.105206 0.105924 0.106680 0.107472 0.108299 0.109157 0.110044 0.110960 0.111901 0.112866 0.113853 0.114859 0.115883 0.116924 0.117978 0.119046 0.120124 0.121213 0.122309 0.123412 0.124520 0.125632 0.126747 0.127864 0.128981 0.130098 0.131214 0.132326 0.133436 0.134542 0.135643 0.136738
0.100000 0.100010 0.100060 0.100156 0.100300 0.100496 0.100747 0.101056 0.101422 0.101846 0.102329 0.102870 0.103468 0.104120 0.104825 0.105582 0.106387 0.107238 0.108132 0.109068 0.110042 0.111051 0.112094 0.113166 0.114267 0.115393 0.116542 0.117712 0.118900 0.120104 0.121323 0.122553 0.123794 0.125043 0.126299 0.127560 0.128824 0.130091 0.131358 0.132624 0.133889 0.135150 0.136408 0.137660 0.138907 0.140146 0.141378 0.142601 0.143815 0.145019
0.100000 0.100125 0.100304 0.100541 0.100842 0.101208 0.101643 0.102147 0.102721 0.103363 0.104072 0.104847 0.105684 0.106581 0.107534 0.108541 0.109598 0.110702 0.111849 0.113036 0.114259 0.115515 0.116802 0.118115 0.119453 0.120811 0.122188 0.123581 0.124987 0.126404 0.127830 0.129262 0.130699 0.132139 0.133579 0.135019 0.136457 0.137891 0.139320 0.140743 0.142158 0.143565 0.144962 0.146348 0.147724 0.149087 0.150437 0.151773 0.153096 0.154403
0.100000 0.100293 0.100655 0.101093 0.101609 0.102206 0.102886 0.103647 0.104489 0.105407 0.106400 0.107464 0.108594 0.109786 0.111036 0.112338 0.113690 0.115086 0.116522 0.117995 0.119499 0.121032 0.122589 0.124167 0.125763 0.127374 0.128996 0.130627 0.132265 0.133907 0.135550 0.137192 0.138832 0.140468 0.142097 0.143719 0.145332 0.146934 0.148524 0.150101 0.151665 0.153213 0.154745 0.156261 0.157759 0.159239 0.160701 0.162143 0.163566 0.164969
0.100000 0.100536 0.101159 0.101874 0.102685 0.103591 0.104593 0.105686 0.106868 0.108132 0.109475 0.110890 0.112372 0.113914 0.115511 0.117157 0.118847 0.120575 0.122338 0.124129 0.125944 0.127780 0.129632 0.131496 0.133369 0.135248 0.137130 0.139011 0.140890 0.142764 0.144630 0.146487 0.148333 0.150165 0.151983 0.153785 0.155570 0.157336 0.159082 0.160808 0.162512 0.164195 0.165854 0.167490 0.169101 0.170688 0.172251 0.173788 0.175299 0.176785
0.100000 0.100884 0.101872 0.102968 0.104174 0.105488 0.106905 0.108421 0.110027 0.111717 0.113484 0.115319 0.117215 0.119165 0.121162 0.123199 0.125270 0.127370 0.129493 0.131633 0.133787 0.135949 0.138115 0.140283 0.142447 0.144606 0.146756 0.148894 0.151018 0.153126 0.155216 0.157286 0.159335 0.161360 0.163361 0.165336 0.167285 0.169206 0.171099 0.172962 0.174796 0.176600 0.178374 0.180116 0.181827 0.183507 0.185155 0.186772 0.188356 0.189909
0.100000 0.101373 0.102863 0.104474 0.106203 0.108044 0.109991 0.112033 0.114160 0.116364 0.118635 0.120962 0.123338 0.125755 0.128204 0.130679 0.133172 0.135679 0.138193 0.140708 0.143221 0.145728 0.148223 0.150705 0.153168 0.155612 0.158032 0.160428 0.162796 0.165134 0.167443 0.169718 0.171961 0.174169 0.176341 0.178477 0.180577 0.182639 0.184663 0.186648 0.188596 0.190504 0.192374 0.194205 0.195998 0.197751 0.199467 0.201143 0.202782 0.204383
0.100000 0.102046 0.104216 0.106508 0.108915 0.111428 0.114034 0.116721 0.119477 0.122290 0.125148 0.128043 0.130965 0.133906 0.136857 0.139811 0.142763 0.145706 0.148635 0.151546 0.154434 0.157296 0.160128 0.162927 0.165691 0.168417 0.171104 0.173750 0.176353 0.178911 0.181425 0.183893 0.186314 0.188688 0.191015 0.193294 0.195525 0.197707 0.199842 0.201929 0.203968 0.205959 0.207903 0.209801 0.211652 0.213456 0.215216 0.216930 0.218599 0.220225
0.100000 0.102951 0.106019 0.109195 0.112466 0.115815 0.119228 0.122689 0.126186 0.129707 0.133241 0.136777 0.140308 0.143826 0.147324 0.150795 0.154235 0.157638 0.161000 0.164318 0.167589 0.170809 0.173976 0.177090 0.180147 0.183146 0.186087 0.188968 0.191790 0.194551 0.197251 0.199890 0.202468 0.204986 0.207443 0.209840 0.212177 0.214455 0.216675 0.218837 0.220941 0.222988 0.224980 0.226917 0.228800 0.230629 0.232405 0.234130 0.235804 0.237428
0.100000 0.104138 0.108365 0.112661 0.117003 0.121372 0.125750 0.130123 0.134479 0.138808 0.143101 0.147351 0.151550 0.155694 0.159776 0.163794 0.167743 0.171622 0.175426 0.179155 0.182807 0.186381 0.189875 0.193290 0.196625 0.199880 0.203055 0.206150 0.209167 0.212105 0.214965 0.217748 0.220456 0.223088 0.225646 0.228132 0.230545 0.232888 0.235162 0.237368 0.239506 0.241580 0.243588 0.245534 0.247418 0.249241 0.251005 0.252711 0.254360 0.255953
0.100000 0.105655 0.111340 0.117015 0.122653 0.128233 0.133741 0.139165 0.144498 0.149734 0.154868 0.159897 0.164817 0.169627 0.174326 0.178912 0.183385 0.187745 0.191993 0.196128 0.200152 0.204066 0.207870 0.211567 0.215157 0.218643 0.222025 0.225306 0.228488 0.231572 0.234561 0.237455 0.240258 0.242971 0.245597 0.248136 0.250591 0.252965 0.255258 0.257473 0.259612 0.261677 0.263669 0.265590 0.267442 0.269226 0.270945 0.272600 0.274193 0.275725
0.100000 0.107545 0.115005 0.122330 0.129492 0.136475 0.143274 0.149884 0.156307 0.162541 0.168591 0.174457 0.180145 0.185655 0.190994 0.196163 0.201166 0.206008 0.210693 0.215223 0.219603 0.223837 0.227928 0.231881 0.235698 0.239384 0.242942 0.246375 0.249687 0.252882 0.255962 0.258932 0.261793 0.264549 0.267204 0.269760 0.272220 0.274586 0.276862 0.279050 0.281153 0.283173 0.285112 0.286974 0.288759 0.290471 0.292112 0.293683 0.295187 0.296625
0.100000 0.109827 0.119375 0.128605 0.137504 0.146070 0.154309 0.162230 0.169844 0.177161 0.184192 0.190949 0.197442 0.203681 0.209676 0.215437 0.220973 0.226292 0.231402 0.236311 0.241028 0.245558 0.249910 0.254089 0.258102 0.261954 0.265653 0.269202 0.272609 0.275876 0.279011 0.282016 0.284898 0.287659 0.290305 0.292839 0.295265 0.297586 0.299807 0.301931 0.303961 0.305900 0.307752 0.309518 0.311203 0.312808 0.314337 0.315792 0.317175 0.318489
0.100000 0.112466 0.124375 0.135730 0.146547 0.156847 0.166654 0.175992 0.184885 0.193356 0.201427 0.209119 0.216450 0.223441 0.230108 0.236467 0.242534 0.248323 0.253848 0.259121 0.264154 0.268958 0.273544 0.277921 0.282099 0.286087 0.289893 0.293524 0.296989 0.300294 0.303446 0.306452 0.309316 0.312046 0.314646 0.317122 0.319478 0.321719 0.323850 0.325874 0.327797 0.329622 0.331352 0.332991 0.334542 0.336009 0.337395 0.338703 0.339936 0.341095
0.100000 0.115356 0.129818 0.143454 0.156320 0.168466 0.179936 0.190772 0.201013 0.210695 0.219852 0.228515 0.236715 0.244478 0.251831 0.258797 0.265397 0.271654 0.277586 0.283211 0.288546 0.293606 0.298406 0.302959 0.307278 0.311375 0.315261 0.318947 0.322441 0.325754 0.328894 0.331868 0.334685 0.337352 0.339876 0.342262 0.344518 0.346648 0.348659 0.350554 0.352340 0.354021 0.355601 0.357085 0.358476 0.359778 0.360994 0.362129 0.363186 0.364167
0.100000 0.118324 0.135412 0.151394 0.166370 0.180416 0.193600 0.205981 0.217612 0.228543 0.238820 0.248485 0.257577 0.266134 0.274188 0.281772 0.288915 0.295645 0.301985 0.307961 0.313593 0.318903 0.323908 0.328626 0.333073 0.337265 0.341216 0.344938 0.348444 0.351746 0.354853 0.357777 0.360526 0.363110 0.365535 0.367811 0.369945 0.371943 0.373812 0.375557 0.377185 0.378702 0.380111 0.381418 0.382628 0.383745 0.384773 0.385716 0.386578 0.387362
0.100000 0.121162 0.140797 0.159077 0.176132 0.192062 0.206952 0.220879 0.233907 0.246099 0.257510 0.268193 0.278196 0.287564 0.296338 0.304558 0.312259 0.319476 0.326239 0.332577 0.338517 0.344083 0.349300 0.354187 0.358766 0.363055 0.367070 0.370828 0.374343 0.377630 0.380701 0.383569 0.386244 0.388737 0.391058 0.393215 0.395218 0.397075 0.398793 0.400379 0.401840 0.403182 0.404411 0.405532 0.406551 0.407473 0.408303 0.409044 0.409701 0.410278
0.100000 0.123662 0.145603 0.166003 0.185000 0.202709 0.219229 0.234643 0.249028 0.262455 0.274987 0.286684 0.297602 0.307792 0.317302 0.326176 0.334458 0.342185 0.349395 0.356120 0.362392 0.368240 0.373692 0.378772 0.383504 0.387909 0.392008 0.395820 0.399361 0.402649 0.405698 0.408522 0.411135 0.413549 0.415774 0.417822 0.419703 0.421425 0.422999 0.424431 0.425729 0.426901 0.427953 0.428892 0.429724 0.430453 0.431086 0.431627 0.432081 0.432452
0.100000 0.125655 0.149510 0.171716 0.192407 0.211695 0.229681 0.246455 0.262099 0.276687 0.290288 0.302965 0.314779 0.325784 0.336034 0.345578 0.354461 0.362726 0.370413 0.377559 0.384201 0.390369 0.396095 0.401407 0.406332 0.410894 0.415116 0.419019 0.422623 0.425948 0.429009 0.431823 0.434405 0.436769 0.438929 0.440895 0.442680 0.444294 0.445746 0.447047 0.448205 0.449228 0.450123 0.450898 0.451560 0.452114 0.452566 0.452923 0.453189 0.453369
0.100000 0.127033 0.152288 0.175875 0.197900 0.218468 0.237674 0.255605 0.272343 0.287960 0.302527 0.316108 0.328764 0.340552 0.351526 0.361736 0.371230 0.380053 0.388246 0.395850 0.402902 0.409437 0.415487 0.421083 0.426254 0.431027 0.435426 0.439476 0.443198 0.446613 0.449740 0.452596 0.455199 0.457564 0.459705 0.461637 0.463371 0.464920 0.466295 0.467506 0.468563 0.469475 0.470250 0.470897 0.471422 0.471834 0.472138 0.472341 0.472448 0.472465
0.100000 0.127751 0.153820 0.178271 0.201186 0.222652 0.242751 0.261562 0.279160 0.295614 0.310989 0.325349 0.338750 0.351249 0.362896 0.373743 0.383835 0.393218 0.401933 0.410020 0.417518 0.424462 0.430885 0.436820 0.442296 0.447342 0.451984 0.456246 0.460153 0.463727 0.466987 0.469953 0.472644 0.475076 0.477265 0.479226 0.480972 0.482518 0.483874 0.485054 0.486066 0.486922 0.487631 0.488202 0.488642 0.488960 0.489163 0.489257 0.489250 0.489147
0.100000 0.127814 0.154078 0.178835 0.202141 0.224062 0.244666 0.264020 0.282186 0.299227 0.315200 0.330161 0.344162 0.357254 0.369484 0.380900 0.391544 0.401460 0.410685 0.419261 0.427221 0.434602 0.441437 0.447757 0.453591 0.458969 0.463917 0.468460 0.472623 0.476428 0.479896 0.483048 0.485903 0.488479 0.490792 0.492858 0.494693 0.496310 0.497722 0.498942 0.499981 0.500851 0.501561 0.502121 0.502541 0.502829 0.502992 0.503039 0.502976 0.502809
0.100000 0.127250 0.153109 0.177608 0.200789 0.222698 0.243386 0.262906 0.281308 0.298641 0.314954 0.330293 0.344703 0.358227 0.370906 0.382782 0.393893 0.404276 0.413968 0.423002 0.431414 0.439234 0.446495 0.453225 0.459454 0.465208 0.470514 0.475396 0.479878 0.483982 0.487730 0.491143 0.494239 0.497038 0.499555 0.501808 0.503811 0.505581 0.507130 0.508471 0.509617 0.510580 0.511370 0.511997 0.512472 0.512803 0.513000 0.513070 0.513021 0.512860
0.100000 0.126115 0.151014 0.174727 0.197285 0.218721 0.239069 0.258367 0.276650 0.293956 0.310321 0.325782 0.340374 0.354131 0.367087 0.379274 0.390726 0.401473 0.411546 0.420975 0.429790 0.438018 0.445687 0.452824 0.459455 0.465605 0.471297 0.476555 0.481401 0.485857 0.489943 0.493679 0.497084 0.500175 0.502970 0.505486 0.507737 0.509739 0.511505 0.513049 0.514384 0.515522 0.516473 0.517249 0.517860 0.518316 0.518625 0.518797 0.518839 0.518759
0.100000 0.124479 0.147932 0.170392 0.191880 0.212418 0.232025 0.250726 0.268541 0.285497 0.301618 0.316928 0.331453 0.345218 0.358247 0.370566 0.382199 0.393171 0.403506 0.413228 0.422361 0.430929 0.438953 0.446458 0.453466 0.459997 0.466073 0.471716 0.476944 0.481778 0.486236 0.490336 0.494097 0.497534 0.500666 0.503506 0.506070 0.508373 0.510428 0.512249 0.513847 0.515236 0.516427 0.517430 0.518256 0.518915 0.519416 0.519768 0.519979 0.520059
0.100000 0.122424 0.144031 0.164849 0.184889 0.204162 0.222676 0.240440 0.257466 0.273767 0.289354 0.304243 0.318449 0.331987 0.344872 0.357123 0.368756 0.379787 0.390235 0.400118 0.409452 0.418257 0.426550 0.434349 0.441673 0.448538 0.454963 0.460965 0.466561 0.471767 0.476602 0.481079 0.485216 0.489027 0.492527 0.495731 0.498653 0.501306 0.503703 0.505857 0.507780 0.509484 0.510979 0.512276 0.513386 0.514318 0.515083 0.515687 0.516142 0.516454
0.100000 0.120046 0.139504 0.158382 0.176678 0.194392 0.211521 0.228065 0.244022 0.259397 0.274190 0.288407 0.302053 0.315135 0.327661 0.339640 0.351080 0.361992 0.372387 0.382277 0.391673 0.400587 0.409033 0.417024 0.424573 0.431693 0.438398 0.444701 0.450618 0.456160 0.461342 0.466177 0.470679 0.474860 0.478734 0.482314 0.485610 0.488637 0.491405 0.493926 0.496211 0.498271 0.500116 0.501756 0.503202 0.504463 0.505547 0.506463 0.507220 0.507826
0.100000 0.117467 0.134579 0.151315 0.167659 0.183599 0.199125 0.214226 0.228893 0.243118 0.256897 0.270224 0.283097 0.295516 0.307480 0.318991 0.330051 0.340665 0.350836 0.360571 0.369875 0.378756 0.387222 0.395280 0.402939 0.410210 0.417100 0.423620 0.429781 0.435591 0.441063 0.446206 0.451032 0.455550 0.459771 0.463706 0.467366 0.470760 0.473899 0.476792 0.479450 0.481883 0.484099 0.486108 0.487918 0.489539 0.490979 0.492246 0.493347 0.494291
0.100000 0.114826 0.129504 0.143991 0.158263 0.172298 0.186078 0.199583 0.212799 0.225709 0.238301 0.250564 0.262489 0.274067 0.285294 0.296163 0.306672 0.316819 0.326603 0.336024 0.345084 0.353784 0.362128 0.370119 0.377762 0.385062 0.392025 0.398656 0.404962 0.410951 0.416630 0.422005 0.427086 0.431880 0.436394 0.440638 0.444620 0.448347 0.451829 0.455073 0.458088 0.460881 0.463462 0.465838 0.468016 0.470005 0.471812 0.473444 0.474908 0.476212
0.100000 0.112245 0.124499 0.136723 0.148888 0.160965 0.172930 0.184758 0.196426 0.207914 0.219203 0.230277 0.241122 0.251724 0.262072 0.272156 0.281969 0.291503 0.300754 0.309717 0.318389 0.326767 0.334852 0.342642 0.350138 0.357342 0.364256 0.370883 0.377225 0.383287 0.389073 0.394588 0.399837 0.404824 0.409556 0.414039 0.418279 0.422281 0.426053 0.429600 0.432930 0.436048 0.438962 0.441678 0.444202 0.446541 0.448701 0.450689 0.452511 0.454173
0.100000 0.109794 0.119717 0.129745 0.139847 0.149990 0.160142 0.170276 0.180365 0.190383 0.200309 0.210121 0.219802 0.229335 0.238704 0.247896 0.256901 0.265706 0.274304 0.282686 0.290845 0.298778 0.306478 0.313943 0.321171 0.328158 0.334905 0.341410 0.347675 0.353701 0.359489 0.365040 0.370359 0.375447 0.380307 0.384944 0.389362 0.393564 0.397555 0.401340 0.404923 0.408309 0.411503 0.414511 0.417337 0.419987 0.422466 0.424779 0.426931 0.428927
0.100000 0.107514 0.115268 0.123239 0.131390 0.139687 0.148094 0.156580 0.165114 0.173671 0.182224 0.190752 0.199233 0.207648 0.215980 0.224213 0.232332 0.240325 0.248180 0.255887 0.263437 0.270821 0.278033 0.285067 0.291916 0.298578 0.305049 0.311326 0.317406 0.323289 0.328974 0.334460 0.339748 0.344839 0.349733 0.354433 0.358940 0.363256 0.367385 0.371328 0.375090 0.378673 0.382081 0.385318 0.388386 0.391291 0.394036 0.396624 0.399061 0.401350
0.100000 0.105460 0.111268 0.117379 0.123751 0.130346 0.137127 0.144061 0.151118 0.158269 0.165489 0.172755 0.180043 0.187334 0.194610 0.201853 0.209047 0.216179 0.223234 0.230202 0.237071 0.243830 0.250473 0.256990 0.263374 0.269620 0.275721 0.281674 0.287474 0.293119 0.298604 0.303928 0.309091 0.314089 0.318924 0.323594 0.328100 0.332443 0.336623 0.340642 0.344501 0.348203 0.351748 0.355140 0.358381 0.361473 0.364419 0.367222 0.369886 0.372412
0.100000 0.103714 0.107849 0.112344 0.117151 0.122231 0.127547 0.133067 0.138761 0.144603 0.150567 0.156630 0.162771 0.168968 0.175205 0.181463 0.187726 0.193979 0.200209 0.206402 0.212547 0.218633 0.224651 0.230590 0.236443 0.242202 0.247861 0.253413 0.258853 0.264176 0.269379 0.274457 0.279407 0.284227 0.288916 0.293470 0.297890 0.302173 0.306321 0.310332 0.314207 0.317946 0.321551 0.325021 0.328359 0.331565 0.334642 0.337590 0.340413 0.343112
0.100000 0.102333 0.105107 0.108258 0.111742 0.115519 0.119558 0.123830 0.128307 0.132964 0.137780 0.142731 0.147799 0.152964 0.158208 0.163515 0.168870 0.174257 0.179664 0.185076 0.190482 0.195872 0.201233 0.206558 0.211837 0.217062 0.222224 0.227318 0.232337 0.237276 0.242128 0.246889 0.251556 0.256125 0.260592 0.264955 0.269211 0.273358 0.277395 0.281321 0.285134 0.288834 0.292421 0.295895 0.299255 0.302503 0.305638 0.308661 0.311575 0.314378
0.100000 0.101327 0.103058 0.105146 0.107555 0.110255 0.113218 0.116422 0.119843 0.123460 0.127255 0.131207 0.135299 0.139515 0.143839 0.148255 0.152749 0.157308 0.161917 0.166566 0.171243 0.175937 0.180636 0.185333 0.190018 0.194681 0.199317 0.203916 0.208473 0.212980 0.217433 0.221826 0.226154 0.230412 0.234598 0.238706 0.242734 0.246680 0.250540 0.254313 0.257996 0.261589 0.265089 0.268497 0.271811 0.275031 0.278157 0.281188 0.284125 0.286968
0.100000 0.100654 0.101637 0.102926 0.104501 0.106343 0.108432 0.110752 0.113284 0.116014 0.118926 0.122004 0.125233 0.128600 0.132091 0.135693 0.139393 0.143180 0.147041 0.150965 0.154941 0.158961 0.163013 0.167089 0.171179 0.175277 0.179373 0.183461 0.187533 0.191584 0.195606 0.199596 0.203546 0.207453 0.211312 0.215119 0.218870 0.222562 0.226192 0.229757 0.233254 0.236681 0.240037 0.243320 0.246529 0.249661 0.252717 0.255696 0.258596 0.261419
0.100000 0.100243 0.100723 0.101444 0.102401 0.103586 0.104989 0.106600 0.108409 0.110403 0.112572 0.114905 0.117390 0.120016 0.122773 0.125650 0.128636 0.131721 0.134894 0.138147 0.141470 0.144854 0.148290 0.151769 0.155284 0.158827 0.162391 0.165968 0.169552 0.173136 0.176715 0.180283 0.183835 0.187365 0.190869 0.194343 0.197783 0.201184 0.204544 0.207860 0.211128 0.214345 0.217510 0.220621 0.223675 0.226671 0.229607 0.232482 0.235294 0.238044
0.100000 0.100010 0.100175 0.100513 0.101033 0.101735 0.102619 0.103681 0.104916 0.106317 0.107879 0.109593 0.111452 0.113448 0.115573 0.117819 0.120177 0.122639 0.125197 0.127844 0.130570 0.133369 0.136233 0.139154 0.142126 0.145141 0.148192 0.151275 0.154381 0.157505 0.160642 0.163786 0.166932 0.170076 0.173212 0.176336 0.179444 0.182532 0.185597 0.188635 0.191644 0.194620 0.197560 0.200463 0.203326 0.206147 0.208923 0.211655 0.214339 0.216975
0.100000 0.099886 0.099864 0.099957 0.100181 0.100543 0.101048 0.101698 0.102493 0.103430 0.104508 0.105721 0.107066 0.108538 0.110132 0.111840 0.113659 0.115580 0.117599 0.119709 0.121904 0.124176 0.126521 0.128932 0.131402 0.133926 0.136499 0.139113 0.141764 0.144447 0.147156 0.149887 0.152634 0.155393 0.158159 0.160929 0.163699 0.166464 0.169222 0.171968 0.174700 0.177414 0.180108 0.182780 0.185426 0.188045 0.190634 0.193192 0.195717 0.198207
0.100000 0.099821 0.099694 0.099638 0.099670 0.099801 0.100039 0.100390 0.100857 0.101441 0.102143 0.102962 0.103895 0.104942 0.106098 0.107360 0.108724 0.110186 0.111742 0.113387 0.115117 0.116926 0.118809 0.120762 0.122780 0.124858 0.126991 0.129173 0.131401 0.133670 0.135975 0.138312 0.140677 0.143065 0.145472 0.147895 0.150330 0.152773 0.155221 0.157671 0.160120 0.162564 0.165001 0.167428 0.169843 0.172244 0.174627 0.176992 0.179337 0.181659
0.100000 0.099787 0.099602 0.099459 0.099372 0.099353 0.099410 0.099551 0.099781 0.100103 0.100521 0.101035 0.101647 0.102355 0.103159 0.104057 0.105047 0.106127 0.107293 0.108544 0.109875 0.111283 0.112764 0.114316 0.115933 0.117612 0.119350 0.121142 0.122984 0.124874 0.126806 0.128777 0.130783 0.132821 0.134888 0.136979 0.139092 0.141223 0.143370 0.145528 0.147696 0.149870 0.152048 0.154228 0.156407 0.158582 0.160751 0.162913 0.165065 0.167206
0.100000 0.099769 0.099553 0.099361 0.099203 0.099088 0.099026 0.099024 0.099087 0.099221 0.099430 0.099716 0.100081 0.100527 0.101053 0.101661 0.102348 0.103115 0.103961 0.104882 0.105878 0.106946 0.108083 0.109288 0.110557 0.111888 0.113278 0.114723 0.116221 0.117769 0.119363 0.121000 0.122679 0.124394 0.126144 0.127926 0.129737 0.131573 0.133432 0.135312 0.137210 0.139123 0.141049 0.142985 0.144930 0.146880 0.148835 0.150791 0.152748 0.154702
0.100000 0.099759 0.099526 0.099306 0.099107 0.098934 0.098796 0.098699 0.098649 0.098651 0.098710 0.098828 0.099009 0.099255 0.099568 0.099948 0.100396 0.100913 0.101497 0.102150 0.102869 0.103653 0.104502 0.105413 0.106385 0.107417 0.108505 0.109648 0.110843 0.112090 0.113384 0.114724 0.116107 0.117531 0.118994 0.120493 0.122025 0.123589 0.125182 0.126802 0.128446 0.130112 0.131799 0.133503 0.135223 0.136957 0.138703 0.140458 0.142222 0.143993
0.100000 0.099753 0.099511 0.099276 0.099053 0.098846 0.098661 0.098503 0.098377 0.098289 0.098242 0.098240 0.098287 0.098385 0.098536 0.098741 0.099004 0.099324 0.099701 0.100137 0.100632 0.101184 0.101795 0.102462 0.103185 0.103963 0.104795 0.105680 0.106615 0.107600 0.108633 0.109712 0.110836 0.112002 0.113209 0.114455 0.115737 0.117055 0.118406 0.119789 0.121201 0.122640 0.124104 0.125593 0.127103 0.128634 0.130183 0.131748 0.133329 0.134922
0.100000 0.099750 0.099502 0.099258 0.099022 0.098795 0.098581 0.098385 0.098211 0.098063 0.097944 0.097858 0.097808 0.097798 0.097829 0.097904 0.098025 0.098193 0.098409 0.098675 0.098991 0.099357 0.099774 0.100242 0.100760 0.101329 0.101947 0.102615 0.103331 0.104094 0.104904 0.105759 0.106659 0.107601 0.108585 0.109610 0.110673 0.111774 0.112911 0.114082 0.115286 0.116521 0.117786 0.119079 0.120399 0.121744 0.123113 0.124503 0.125914 0.127344
0.100000 0.099747 0.099496 0.099248 0.099003 0.098765 0.098534 0.098315 0.098110 0.097923 0.097756 0.097612 0.097496 0.097408 0.097353 0.097332 0.097347 0.097400 0.097493 0.097627 0.097804 0.098023 0.098287 0.098595 0.098949 0.099348 0.099792 0.100281 0.100816 0.101395 0.102019 0.102687 0.103397 0.104151 0.104946 0.105781 0.106656 0.107571 0.108522 0.109510 0.110534 0.111591 0.112681 0.113803 0.114955 0.116136 0.117344 0.118579 0.119838 0.121121
0.100000 0.099746 0.099492 0.099241 0.098992 0.098747 0.098507 0.098273 0.098049 0.097837 0.097639 0.097457 0.097295 0.097154 0.097037 0.096947 0.096885 0.096854 0.096855 0.096890 0.096960 0.097067 0.097212 0.097396 0.097620 0.097885 0.098190 0.098538 0.098927 0.099357 0.099830 0.100345 0.100902 0.101500 0.102138 0.102818 0.103537 0.104296 0.105093 0.105927 0.106799 0.107706 0.108649 0.109625 0.110634 0.111674 0.112746 0.113846 0.114975 0.116131
0.100000 0.099744 0.099490 0.099236 0.098985 0.098736 0.098490 0.098248 0.098013 0.097785 0.097567 0.097360 0.097168 0.096991 0.096832 0.096694 0.096578 0.096486 0.096420 0.096383 0.096375 0.096399 0.096455 0.096546 0.096671 0.096834 0.097033 0.097271 0.097547 0.097863 0.098218 0.098613 0.099048 0.099524 0.100039 0.100595 0.101190 0.101824 0.102498 0.103209 0.103958 0.104745 0.105568 0.106426 0.107319 0.108245 0.109205 0.110196 0.111218 0.112269
0.100000 0.099743 0.099488 0.099233 0.098980 0.098729 0.098480 0.098233 0.097991 0.097754 0.097524 0.097302 0.097090 0.096890 0.096703 0.096533 0.096380 0.096247 0.096136 0.096048 0.095986 0.095951 0.095944 0.095968 0.096024 0.096113 0.096236 0.096394 0.096588 0.096819 0.097088 0.097395 0.097741 0.098126 0.098550 0.099013 0.099515 0.100057 0.100638 0.101257 0.101914 0.102609 0.103342 0.104111 0.104915 0.105755 0.106630 0.107537 0.108478 0.109450
0.100000 0.099743 0.099486 0.099231 0.098977 0.098724 0.098473 0.098225 0.097979 0.097737 0.097500 0.097269 0.097045 0.096831 0.096628 0.096438 0.096263 0.096105 0.095965 0.095846 0.095749 0.095677 0.095630 0.095612 0.095622 0.095663 0.095736 0.095843 0.095983 0.096160 0.096372 0.096621 0.096908 0.097233 0.097597 0.097999 0.098440 0.098920 0.099438 0.099996 0.100592 0.101226 0.101898 0.102607 0.103353 0.104135 0.104952 0.105803 0.106688 0.107606
0.100000 0.099742 0.099485 0.099229 0.098975 0.098722 0.098470 0.098220 0.097973 0.097729 0.097488 0.097253 0.097025 0.096804 0.096594 0.096395 0.096209 0.096038 0.095885 0.095751 0.095637 0.095547 0.095481 0.095441 0.095429 0.095447 0.095496 0.095577 0.095691 0.095840 0.096025 0.096245 0.096503 0.096798 0.097132 0.097503 0.097914 0.098363 0.098851 0.099378 0.099943 0.100547 0.101188 0.101867 0.102583 0.103336 0.104124 0.104947 0.105805 0.106696
